1 20 37 -5 0 11 -3 0 -3 -41
1 7 9 0 0 5 1 0 -9 -4
1 4 12 4 1 3 -2 6 -5 -5
1 2 17 2 0 0 -7 0 4 -10
1 1 11 1 0 0 -2 0 1 -6
1 23 225 1 0 4 1 0 30 30
1 1 4 -1 0 4 5 0 0 8
1 1 12 -1 0 0 -1 0 16 0
1 1 3 0 1 1 2 -3 0 -4
1 1 2 4 0 -3 -4 0 7 -4
1 3 4 4 0 1 -3 0 0 -6
1 1 4 -2 0 2 2 0 1 -2
1 1 4 2 0 1 -3 0 1 -4
1 3 9 3 0 2 7 0 -6 -6
3 13 5 10 15 2 16 -15 -7 -14
1 3 9 -1 3 3 22 -9 1 -8
1 1 26 0 0 1 4 0 -9 -8
3 4 5 -2 0 0 2 0 1 -12
3 3 7 5 0 1 -4 0 5 -4
2 1 1 0 3 3 7 -3 -2 -3
1 2 2 5 0 1 -6 0 5 -5
9 3 54 -11 2 38 86 -18 -72 -61
1 1 3 -1 1 1 1 -3 -2 -4
4 16 1 20 12 33 26 6 13 34
4 5 9 2 3 -9 -5 9 15 -12
2 16 1 5 3 -4 32 -3 69 -6
1 1 2 2 0 4 -1 0 -1 1
1 3 6 0 2 0 7 -6 0 -9
2 2 9 3 0 -4 1 0 12 -12
1 1 4 1 0 0 7 0 4 -2
1 3 4 2 0 -1 -1 0 22 -2
4 2 7 8 0 -3 -1 0 15 -16
4 5 31 4 0 7 -6 0 4 -14
3 3 4 -5 0 -9 10 0 -1 8
1 5 9 -1 0 6 -1 0 -2 8
1 1 5 0 0 -1 1 0 3 -5
4 1 3 -9 4 -8 -21 -6 16 -4
2 1 3 5 0 0 -4 0 5 -8
1 1 4 2 0 1 1 0 1 -4
1 3 4 3 0 2 -5 0 0 -6
1 3 4 -1 0 0 3 0 0 -6
4 3 3 8 4 1 -10 6 7 -2
3 9 16 1 0 4 9 0 4 -6
1 2 4 2 0 -1 -3 0 5 -7
1 1 4 2 0 0 2 0 1 -2
1 5 16 -1 0 2 3 0 -8 -4
5 4 1 4 12 6 17 -6 3 1
3 4 32 1 0 1 1 0 -16 -22
1 1 2 2 0 0 -2 0 3 -4
1 1 2 2 0 1 0 0 -1 -2
1 2 4 1 0 0 -2 0 1 -6
1 1 2 1 0 2 0 0 5 -1
1 1 3 2 0 0 2 0 1 1
1 1 4 -1 0 -2 3 0 -4 6
3 3 4 7 3 1 -2 6 8 -8
1 1 5 0 0 1 1 0 -3 -5
1 1 2 -2 0 2 3 0 0 -4
1 1 2 3 0 1 -3 0 2 -4
1 4 9 0 0 -4 0 0 9 -10
1 3 3 0 1 1 7 -3 1 -4
1 1 4 2 0 -1 -1 0 4 -6
1 1 2 1 0 -1 0 0 3 -4
1 1 2 -1 0 1 1 0 0 -4
1 1 2 0 0 2 1 0 -2 -4
1 1 1 -1 12 1 18 -6 11 -11
1 1 2 2 0 -2 0 0 4 -5
1 1 2 1 0 2 -1 0 1 2
4 1 4 2 3 -6 -7 -6 -2 -11
1 10 25 28 12 17 38 -30 10 6
1 1 24 0 0 2 10 0 -11 2
3 4 3 5 9 5 10 -9 -8 0
4 7 75 8 4 -3 71 -30 -110 -112
5 1 8 9 6 -4 -7 12 20 0
1 1 9 0 3 2 7 -9 -6 -12
1 3 9 2 0 -3 -5 0 -3 -6
1 4 9 0 0 2 1 0 -6 -6
1 3 9 1 0 0 -3 0 1 -9
4 1 7 0 0 -9 4 0 11 2
1 1 6 3 2 -3 -4 6 17 -1
1 4 4 1 0 -1 -1 0 2 -8
4 8 9 -6 0 7 -17 0 3 6
1 1 3 2 0 -1 -2 0 2 -5
1 2 4 1 0 0 1 0 2 -2
1 6 1 1 3 -1 13 -3 16 -8
1 1 108 -1 0 1 2 0 -3 -31
1 1 1 1 3 -1 0 -3 -9 -1
2 2 3 1 0 0 -3 0 0 -7
4 9 16 -14 3 -17 -13 -12 -68 25
1 7 16 2 0 -5 9 0 0 -2
1 1 2 -1 0 3 1 0 0 2
1 1 1 0 3 1 7 -3 -5 -2
1 7 9 -1 0 -1 4 0 3 -12
4 3 9 2 3 -7 -2 9 15 -8
3 14 32 6 0 1 -21 0 0 -34
1 1 1 3 3 5 0 -3 11 -3
1 1 4 1 0 0 3 0 0 -2
1 1 4 -1 0 2 -1 0 0 -2
1 1 3 -1 1 0 1 -3 -1 -7
1 2 9 -1 3 -1 1 -9 12 6
3 3 192 3 1 2 -9 24 -4 -36
1 1 2 3 0 -1 -2 0 1 -6
2 3 3 -3 1 -1 2 3 3 -3
1 4 1 2 12 -2 14 6 -1 -10
2 3 3 11 0 2 -11 0 11 -10
3 1 8 3 6 6 19 -12 8 10
5 4 3 1 9 8 22 -9 -11 -9
1 2 3 -2 1 2 0 -3 -1 -8
1 3 1 2 3 0 -2 -3 -7 0
1 2 2 -1 0 1 -2 0 3 -3
1 1 9 0 12 3 41 -18 -17 -6
1 1 3 -2 0 2 4 0 -1 -5
1 1 6 -1 0 0 2 0 1 -5
1 4 4 0 0 -1 1 0 -4 -14
2 1 3 3 1 4 7 -3 1 4
1 1 2 1 0 0 -1 0 1 -4
11 1 27 10 4 31 -17 18 -27 -46
1 2 3 1 1 0 3 -3 -1 -5
2 3 3 1 0 -4 1 0 5 -8
11 12 59 7 0 -1 -4 0 50 -53
1 3 13 -1 0 2 4 0 5 -10
9 12 14 -26 0 0 20 0 11 -64
1 1 2 3 0 2 2 0 2 -3
1 1 3 -3 0 -2 2 0 14 -9
1 1 3 6 1 1 -2 -3 -10 -5
1 5 17 1 0 1 -4 0 -3 -13
1 8 16 -1 0 4 8 0 -11 -16
1 1 1 0 3 2 3 -3 -4 -2
1 1 3 -2 0 1 1 0 -3 -4
2 4 7 1 0 -1 8 0 1 9
1 2 2 1 6 0 7 -6 -2 -6
1 4 6 -2 0 0 6 0 3 -8
1 4 5 0 0 -1 0 0 2 -8
1 1 2 0 0 -1 -1 0 -4 -12
1 6 75 2 0 -2 -12 0 30 -25
1 2 54 8 0 1 -8 0 27 0
3 4 4 6 0 3 -3 0 4 -14
1 1 3 -1 4 2 11 -6 2 -6
1 1 4 -1 0 0 -1 0 0 0
4 2 7 1 0 3 19 0 13 7
1 3 1 1 3 2 10 -3 0 -2
3 16 15 6 5 5 10 -15 -12 -22
1 1 2 1 0 0 -1 0 -1 5
1 3 4 0 0 -2 1 0 11 -3
1 1 2 1 0 3 -2 0 3 0
1 1 2 1 0 2 -1 0 3 2
1 1 3 0 0 1 -2 0 -1 2
1 1 2 0 0 2 -2 0 10 3
1 1 3 7 0 -5 8 0 19 -8
1 2 4 3 0 0 -5 0 4 -6
1 7 15 1 0 -5 -2 0 13 -14
2 4 3 -2 1 -9 -18 3 22 -2
3 5 27 -2 1 13 -4 9 -12 6
1 1 4 -1 0 0 1 0 2 -4
1 1 2 1 0 -2 4 0 1 0
1 3 15 0 0 -1 -6 0 -3 -7
1 2 2 -1 0 -1 3 0 2 -4
1 1 4 -1 0 2 -1 0 0 2
3 4 8 -3 6 5 29 -12 5 -18
1 1 6 2 0 0 -4 0 13 0
4 3 79 8 0 1 15 0 0 14
1 1 2 1 0 3 -3 0 5 1
1 1 2 1 6 2 7 -6 -1 3
3 7 8 11 6 2 -3 -12 0 -18
1 1 5 -8 0 5 7 0 5 0
3 5 50 5 0 1 -2 0 15 -10
1 1 2 -1 0 0 1 0 0 -1
1 1 3 1 1 5 13 -3 8 8
1 2 4 1 0 -3 -1 0 6 -7
2 5 3 1 0 -6 3 0 14 -7
1 1 18 1 6 2 14 -18 -21 0
5 5 4 -4 3 1 -8 6 8 -1
4 3 9 5 3 -5 13 9 6 0
1 23 36 1 3 0 37 -18 -6 -30
1 4 6 -2 0 3 10 0 3 -2
1 1 6 -2 0 5 7 0 6 -4
1 2 4 -1 0 1 1 0 0 -4
1 1 3 -1 1 0 6 -3 -3 -11
2 2 9 -2 0 -1 10 0 -12 9
3 1 6 -6 2 7 -1 6 -4 9
3 3 4 1 0 6 3 0 -7 -10
8 20 25 9 12 -32 -41 30 65 -12
1 1 9 0 0 -1 4 0 -6 3
1 4 17 -2 0 0 8 0 5 -16
1 5 12 1 4 6 13 -12 2 0
1 1 2 -1 0 2 -3 0 -5 -2
1 1 2 1 0 0 1 0 1 0
1 3 4 1 0 -1 1 0 1 -5
1 2 6 4 2 -5 -9 6 23 1
1 2 11 1 0 0 -3 0 1 -9
1 9 9 2 3 1 10 -9 -6 -12
1 1 2 0 0 4 -4 0 7 -3
1 1 3 -1 0 1 1 0 -1 -4
3 3 4 3 3 2 7 -6 -1 -3
3 2 8 -1 6 0 13 -12 4 -8
1 2 3 -1 0 -1 3 0 3 -5
6 9 5 16 15 12 6 -15 -11 -2
1 1 1 0 3 1 6 -3 3 -2
2 6 17 -1 0 -1 -10 0 10 5
1 10 13 1 0 -3 2 0 11 -16
1 1 9 0 0 1 1 0 6 -6
2 7 9 6 3 -4 13 9 3 -21
2 5 5 5 0 1 -9 0 4 -12
1 5 13 -1 0 0 4 0 1 -12
5 6 24 4 0 1 4 0 -11 8
3 26 98 -1 0 14 -3 0 -35 -49
1 1 2 -1 0 0 1 0 0 0
4 9 13 16 0 9 11 0 14 12
1 12 27 2 9 7 88 -27 -27 0
2 1 3 -1 0 2 -5 0 -1 1
1 2 4 0 0 2 4 0 13 0
5 4 32 20 6 -6 -41 24 78 -1
1 1 3 4 0 -3 -4 0 11 -5
1 5 9 3 0 -4 -5 0 15 -12
1 1 3 0 1 2 6 -3 -3 -4
1 3 4 5 0 0 5 0 4 -4
1 3 4 1 0 2 6 0 -1 -2
3 3 4 0 3 -5 -3 6 6 -5
1 1 3 1 0 0 -1 0 5 1
1 1 4 2 0 1 -1 0 0 -4
1 1 6 -1 0 0 -2 0 1 2
2 10 9 3 12 -4 28 -18 -30 -18
1 1 3 0 0 1 -5 0 2 9
4 3 1 -1 0 5 6 0 16 7
1 1 6 0 8 5 48 -12 19 0
4 3 3 1 0 8 -3 0 29 8
1 1 32 -1 0 0 -1 0 8 -2
3 4 4 6 0 0 -4 0 1 -16
1 1 3 -1 4 6 31 -6 -5 -7
2 9 9 6 3 -10 -5 -9 3 3
1 3 9 2 3 2 7 -9 -6 -3
1 4 8 3 6 2 13 -12 -36 -2
1 5 11 2 0 -5 -5 0 -10 -9
1 1 2 2 0 -3 -1 0 1 -9
2 4 19 1 0 4 4 0 -1 -2
1 2 4 -2 0 3 -3 0 4 0
7 11 18 0 6 15 35 -18 -24 -30
3 4 4 4 0 -4 3 0 0 -6
1 1 4 2 0 6 -1 0 0 -2
1 1 3 0 1 2 7 -3 -2 -1
3 6 8 12 6 7 3 -12 12 10
2 3 3 -3 0 -1 4 0 3 -7
1 3 4 -2 0 1 4 0 0 -7
1 2 16 1 3 -2 3 -12 -32 -3
1 1 3 -1 0 4 4 0 2 2
1 1 5 -1 0 2 3 0 -4 -6
2 1 4 6 3 -8 -1 6 9 1
1 1 11 -1 0 2 5 0 -5 -8
1 1 2 -1 0 0 1 0 1 -3
1 1 2 4 0 2 0 0 6 3
9 15 100 -6 0 -17 41 0 -80 30
1 2 3 7 0 -1 2 0 26 3
1 1 3 2 0 1 1 0 -1 -4
1 2 12 -2 1 7 -1 6 14 -13
2 12 27 5 9 3 38 -27 0 -18
1 1 2 1 0 0 1 0 5 -2
1 1 4 -2 0 -1 -3 0 2 -4
1 1 10 1 0 -2 -4 0 2 -7
1 1 9 2 0 -1 7 0 -6 3
1 4 5 -1 0 -2 4 0 4 -8
1 1 10 -1 0 -2 12 0 -6 1
1 7 1 6 12 -2 12 -6 -3 -9
2 3 3 3 1 0 -7 3 3 -6
1 9 24 0 0 -1 0 0 1 -18
1 1 6 1 0 4 8 0 -10 3
11 21 81 10 3 10 16 -27 45 -90
1 1 9 1 3 4 19 -9 -21 0
2 2 9 5 0 2 4 0 -6 0
1 1 4 1 0 -1 -3 0 4 -6
1 3 24 1 0 7 0 0 -10 1
1 1 4 1 0 0 -1 0 0 -4
1 33 50 4 6 2 37 -30 -40 -31
1 1 3 3 0 1 -1 0 -6 -4
2 5 16 4 3 -2 -21 12 20 -10
3 2 3 3 1 6 9 -3 5 5
1 2 4 1 12 0 13 -12 -4 -10
1 1 3 -1 0 4 5 0 -5 -6
1 1 4 -1 0 3 4 0 -5 -6
1 11 16 1 0 1 19 0 8 -2
1 2 2 0 0 0 -1 0 -2 -8
1 1 4 0 3 1 6 -6 -3 -5
1 1 3 1 1 2 7 -3 5 0
1 1 4 0 3 1 6 -6 -7 -1
2 2 4 1 3 -3 -1 6 10 -3
23 85 108 2 9 -33 -47 54 54 -153
1 1 5 -5 0 -4 -5 0 -5 8
1 2 4 0 0 -2 1 0 4 -4
2 2 4 11 3 2 -13 6 24 5
1 1 4 1 0 4 -1 0 0 -2
1 2 3 2 0 -2 3 0 0 -2
3 3 3 1 4 -5 3 6 10 2
1 2 2 2 0 -1 -3 0 3 -5
1 1 4 0 0 2 3 0 -4 -6
1 1 4 1 0 -1 0 0 7 -3
1 1 2 0 0 1 0 0 -1 -3
1 1 3 -2 0 1 2 0 0 -5
1 1 9 -1 0 0 4 0 0 -1
3 2 4 2 3 5 10 -6 7 3
1 1 9 1 0 0 4 0 -3 -6
1 16 24 -2 0 -3 15 0 4 -22
1 1 3 1 1 3 8 -3 5 3
2 8 3 47 1 -8 52 3 86 -14
1 1 4 -1 0 0 1 0 5 -3
1 2 10 2 0 -1 -6 0 14 -3
1 2 2 4 0 -3 -3 0 6 -6
1 1 1 -5 3 4 -4 -3 4 -15
1 2 4 1 0 1 -1 0 -2 -3
1 4 2 3 6 0 7 -6 -2 -6
2 2 27 2 0 1 -5 0 0 -12
1 1 4 -1 0 1 3 0 -2 0
2 2 3 2 1 -5 0 3 8 -4
1 3 100 1 0 -1 4 0 -15 0
1 1 5 2 0 1 -2 0 3 -6
1 2 6 2 2 2 9 -6 -1 -5
1 1 5 -6 0 2 -3 0 -7 1
8 36 12 8 49 -7 -51 -42 56 -1
