1 1 6 5 5 2 -5 1 2 1 
1 1 4 4 3 -5 2 3 11 -1 
1 3 9 -1 1 0 -2 2 0 -9 
1 4 5 -3 -1 -1 6 4 9 -5 
1 3 3 0 -4 6 -2 7 1 -11 
2 1 5 3 1 -3 -1 1 7 -7 
1 3 7 1 -1 4 10 -5 5 -1 
1 3 9 -1 0 0 5 -2 2 -9 
1 3 2 2 -7 -5 -3 2 -9 -1 
1 1 6 2 -3 -1 -11 -8 -5 9 
2 3 9 -3 -1 -1 -2 -6 -3 -5 
1 3 10 -3 -4 2 4 -6 -5 -1 
1 1 9 -2 1 2 12 -2 -6 5 
1 2 42 1 1 1 3 1 -8 1 
1 2 23 1 0 1 -2 18 16 3 
1 1 25 -1 1 2 0 6 20 -3 
1 1 1 0 0 -1 1 1 5 1 
1 1 1 -1 0 0 -2 2 4 -1 
1 1 1 1 0 0 0 2 4 -3 
1 1 2 1 2 0 -2 2 3 -1 
1 1 1 0 1 1 2 -1 -2 -3 
1 1 2 1 -1 2 1 -1 -2 -3 
1 1 1 1 1 2 4 -2 2 1 
1 1 1 0 2 1 2 0 -3 -3 
3 71 132 5 6 52 298 -73 -165 -43 
11 12 11 3 5 -22 36 191 337 27 
20 31 1 44 21 -77 3 44 150 71 
4 79 169 -19 -25 44 153 40 154 -51 
1 1 4 1 -1 2 3 -3 -1 -1 
1 2 3 0 1 0 -1 2 -2 -5 
1 2 2 -1 0 -1 0 2 3 -3 
1 2 2 1 1 -3 -1 1 2 -3 
1 1 16 0 -1 -1 -3 13 17 -7 
1 3 4 -2 -1 -1 1 9 11 -3 
1 5 2 2 4 2 13 -6 3 -3 
2 1 1 3 -2 -2 -4 6 13 -7 
1 3 13 25 10 11 -13 1 78 5 
7 16 40 8 2 2 -35 30 22 -53 
4 3 103 4 -6 15 47 -38 -14 -11 
4 9 29 25 21 -22 -22 19 47 5 
3 32 147 22 20 -16 -100 7 49 -49 
4 1 241 -1 58 5 96 -248 7 -35 
33 17 4 18 -38 -51 43 61 107 -43 
16 1 63 28 -33 62 77 -17 -13 23 
4 4 81 132 46 -43 -22 10 228 -7 
4 79 91 118 90 -108 -126 40 -8 -37 
8 61 202 58 46 -36 -198 33 100 -65 
8 29 64 27 153 29 192 18 -206 123 
1 31 25 27 61 -8 57 -53 -85 -49 
1 41 60 -15 -18 57 17 88 75 -15 
2 13 95 -17 -22 34 27 152 16 -51 
1 44 361 4 2 -25 -201 49 439 -51 
1 1 1 3 1 -1 -5 3 8 1 
1 1 5 1 0 2 5 -5 -1 -1 
1 2 2 0 1 2 6 -3 -1 -3 
1 2 4 0 -1 2 6 -3 3 -3 
3 7 19 3 -9 14 40 -8 10 -4 
3 5 23 -4 -7 -5 -3 46 32 -14 
3 8 5 -12 3 4 3 40 7 0 
5 9 19 11 6 6 -17 -20 -8 -32 
1 5 21 -6 -10 10 2 5 -1 -15 
3 3 23 1 5 -2 18 -20 -24 -17 
2 7 9 -3 -8 17 14 -10 -6 -9 
4 9 1 -5 4 -12 6 18 13 -7 
1 2 17 0 0 6 -21 44 -121 -21 
2 5 4 1 23 1 5 -4 51 -27 
3 14 14 2 -5 8 -3 31 -26 13 
8 15 16 7 9 5 9 -14 19 9 
1 1 4 0 -1 7 13 -6 0 1 
2 3 5 0 1 -3 -8 8 5 -9 
1 2 2 2 8 -1 5 -3 -10 -5 
1 4 4 4 4 0 3 -5 -7 -7 
1 4 1 -4 3 3 2 38 25 5 
1 8 4 3 11 2 21 2 -20 -3 
1 16 23 2 1 1 6 -9 -4 -21 
1 4 39 3 3 -4 -18 10 31 -11 
2 10 14 6 9 7 4 -2 -27 -3 
2 7 26 -3 -1 -2 2 13 18 -17 
4 7 4 7 14 8 26 -11 11 7 
7 7 4 1 3 -10 -9 10 12 -11 
4 83 97 -22 -56 89 87 237 221 7 
14 72 229 -22 -45 21 15 118 152 -169 
7 11 1908 23 29 4 -180 184 549 -115 
80 89 90 -96 20 -71 124 53 133 -163 
1 1 1 -1 1 0 0 3 4 -2 
1 1 1 2 3 1 4 -1 0 2 
1 1 4 0 -1 1 3 -2 1 0 
1 1 1 -1 -2 1 1 4 0 -2 
1 1 1 -1 1 1 4 -2 0 -4 
1 1 2 1 0 2 2 -2 -3 -2 
1 1 2 0 -1 -1 0 1 3 -4 
1 1 2 -2 0 1 1 2 0 -4 
1 8 7 2 8 3 52 -6 27 -1 
3 7 20 -1 -9 7 7 5 16 -15 
8 4 1 4 -9 -7 8 16 24 -5 
2 6 5 9 4 -1 -25 9 33 -1 
1 8 20 38 23 -23 -7 -19 25 -47 
1 7 25 36 22 -32 -1 6 39 -11 
4 21 17 19 22 11 -5 -5 -31 -5 
4 11 53 2 13 1 19 -21 -37 -41 
1 1 1 -2 3 4 1 7 0 2 
1 1 6 -1 0 2 1 1 -1 -6 
1 2 6 0 0 -2 1 1 4 -4 
1 2 4 0 0 0 -1 4 0 -6 
1 1 3 1 0 3 5 -3 -5 -2 
1 2 4 0 0 0 1 -1 0 -6 
1 1 4 -1 -4 2 2 3 3 -2 
1 2 3 -2 0 3 0 4 -2 -8 
1 3 24 4 7 -2 0 11 -6 -15 
2 5 19 5 7 -7 0 5 -2 -7 
1 9 15 -3 0 4 24 11 12 -9 
1 7 13 -3 -2 9 20 7 -4 -3 
1 12 33 -5 -5 17 24 12 0 -19 
3 9 19 0 0 12 33 -14 -18 -19 
8 1 11 -5 -19 21 14 4 -1 -7 
3 4 25 15 9 3 -23 7 19 -5 
1 86 19 4 10 13 230 -29 38 -21 
3 15 36 31 22 -12 -39 -3 15 -25 
13 18 30 -29 -27 9 30 37 45 -17 
5 2 27 27 6 -15 1 13 98 -17 
1 3 183 2 14 -1 -33 -6 0 -17 
3 3 43 0 8 -1 23 -29 -19 -49 
1 20 37 -5 0 11 -3 0 -3 -41 
2 5 73 1 -1 1 18 -38 -79 -23 
1 1 4 0 2 3 3 -3 -2 -5 
1 2 4 1 3 0 3 -4 -6 1 
1 1 6 1 -2 0 0 7 9 -7 
2 2 5 -3 0 1 3 2 2 -3 
1 4 10 1 3 2 8 -6 -13 -9 
1 4 13 -1 -1 -2 -2 9 15 -9 
2 4 11 0 -1 3 -2 4 -5 -15 
4 5 5 6 0 3 1 -7 0 -13 
1 9 2 1 8 5 50 -7 -8 -7 
4 9 17 -4 -10 3 10 5 17 -19 
4 11 2 -10 6 -1 -9 21 18 -7 
2 1 4 11 3 -6 3 8 42 11 
1 2 18 2 2 -1 -1 -5 -14 -15 
4 1 3 5 1 6 12 -6 -15 -5 
3 4 8 -5 -4 4 -2 0 1 -7 
1 4 4 -4 -5 3 3 10 0 -11 
3 4 1 7 1 -10 -4 2 17 -1 
2 3 12 -5 1 4 2 20 7 -13 
3 8 9 1 1 0 -8 9 3 -15 
3 6 11 6 2 5 0 -7 -3 -15 
3 3 33 8 -24 4 -37 -91 -109 34 
4 14 15 -25 10 -12 1 60 31 -50 
3 12 44 4 46 -4 -24 13 -59 -38 
3 3 212 2 30 -7 -27 8 88 -58 
4 29 181 7 36 -1 59 -83 -161 -80 
4 48 119 8 16 43 156 -43 -270 -48 
18 16 172 -28 -25 7 49 36 56 -88 
6 63 117 10 13 20 1 -24 -122 -96 
1 1 5 0 1 2 6 -4 -7 -2 
1 1 5 -1 -1 3 4 0 -1 -6 
1 1 5 1 1 -2 0 4 9 -4 
1 1 5 0 4 1 4 -1 -6 -6 
1 2 7 -11 6 7 0 3 0 -6 
1 3 10 1 -11 0 -4 -1 8 -10 
1 3 9 4 -1 1 6 -19 -7 -2 
1 3 17 4 -1 3 -8 11 -7 4 
1 2 7 6 4 2 -6 -4 1 -6 
2 1 7 -1 -3 5 5 0 -5 -8 
1 3 8 -1 -3 2 -2 8 5 -10 
1 3 1 0 5 1 13 -3 -3 -8 
1 1 7 4 3 -3 -3 5 11 -2 
1 2 7 0 1 -2 -1 11 20 0 
1 5 8 2 1 3 11 -8 4 -6 
1 4 1 -4 -3 4 4 10 5 4 
1 1 3 1 16 2 25 -11 13 4 
2 9 9 7 13 3 3 3 -20 -4 
3 3 43 4 -5 7 16 -24 0 -2 
3 3 49 -4 -7 0 7 16 22 -16 
2 11 39 9 -19 -23 6 27 -67 -18 
3 14 1 -7 31 -23 -23 6 -15 44 
6 21 21 -3 -8 -25 -3 -24 -50 12 
7 5 18 -6 25 -7 -40 -41 20 -8 
1 9 32 0 -1 7 21 -8 -19 -17 
5 6 7 -4 7 3 25 -16 9 -23 
8 8 9 11 -2 8 -5 -6 -3 -23 
3 5 1 -13 0 12 2 19 6 3 
1 2 14 3 1 -5 -15 13 68 -1 
4 9 17 -4 1 -8 8 5 15 -19 
3 3 41 -1 -4 -2 2 6 24 -23 
3 8 9 0 -2 10 27 -12 9 -9 
1 1 60 2 8 -3 -5 4 25 -37 
7 9 9 1 3 -3 -15 -6 -14 -17 
1 3 1 0 13 4 10 -58 -32 -3 
3 1 18 -1 -19 -4 -21 -3 0 3 
1 9 16 4 -3 -5 -5 29 29 -13 
4 5 9 3 -3 -3 4 36 21 9 
3 16 16 4 1 -10 3 13 8 -5 
3 11 1 2 4 2 -14 31 23 1 
2 3 29 -7 2 -7 -61 -34 34 -31 
1 12 3 -4 29 -10 -33 36 -28 17 
4 3 19 10 -13 -9 23 -19 -88 -15 
9 16 7 -10 -3 -19 -33 -24 -21 -3 
2 27 27 5 -7 -3 -10 4 15 31 
1 1 24 9 7 26 10 15 22 -25 
3 9 2 11 0 -4 -12 48 -15 3 
5 18 9 14 16 -15 12 39 -16 1 
2 4 889 1 -13 2 -36 100 99 43 
3 6 110 16 0 -4 67 27 37 -15 
8 12 65 -4 3 15 -29 44 -44 35 
12 10 48 16 21 -29 42 8 33 -1 
1 4 5 1 -4 8 7 2 4 -1 
1 1 4 0 -6 6 2 8 1 -3 
2 2 2 2 -1 -5 1 4 11 -5 
2 2 10 1 2 2 1 -1 -9 -9 
1 1 7 0 26 1 40 -23 25 -18 
7 15 11 7 -11 3 -26 16 27 -44 
3 11 11 11 26 2 10 10 -27 -2 
5 12 31 3 -5 -5 2 -4 26 -40 
1 13 16 7 22 -8 -3 8 -40 -26 
1 4 178 3 11 -4 -12 21 -11 -36 
2 3 256 2 5 -5 -4 24 4 -30 
3 16 19 1 13 0 8 -18 -11 -36 
1 4 166 -58 -31 4 -68 -53 257 -82 
8 13 34 -44 33 14 -119 -74 173 -178 
5 34 67 -30 -117 -15 76 10 -166 -24 
44 23 11 -140 -64 69 134 -65 189 92 
1 16 789 2 11 1 -54 40 133 -71 
4 34 162 2 4 13 1 -11 21 -57 
17 3 20 16 -44 43 51 41 16 25 
20 16 1 15 -36 -20 4 53 85 -21 
1 3 61 2 12 1 10 -21 -49 -10 
3 8 7 8 2 -18 9 5 29 -8 
5 9 11 4 8 -6 -4 1 -3 -22 
1 4 41 7 13 3 -9 -6 -17 -2 
1 1 1 -3 -2 2 1 6 3 1 
1 1 5 2 2 -1 -1 -1 1 -5 
1 1 5 0 1 2 3 -1 -6 -5 
1 1 7 -2 0 1 2 4 0 -5 
1 1 1 4 1 -2 7 5 22 5 
1 1 39 0 1 1 6 -15 -8 -9 
2 5 7 1 3 1 -2 2 -7 -11 
1 1 13 1 4 2 10 -14 -14 -1 
1 1 14 1 1 4 6 -1 -13 9 
2 4 11 -1 1 0 2 1 6 1 
1 4 4 6 4 -6 -1 -2 8 5 
3 3 1 8 -1 5 3 -4 9 3 
1 12 9 -4 -1 0 -8 9 12 -11 
1 5 9 -2 -3 -2 -3 14 30 -13 
3 1 12 3 2 -6 -1 12 19 -9 
2 3 1 11 4 -7 13 4 19 5 
1 2 102 -3 -10 9 13 46 -4 -19 
2 9 41 4 2 -6 -30 16 44 -23 
1 2 161 0 7 3 38 -58 -74 -17 
7 9 21 4 11 9 8 -1 -33 -27 
1 1 19 11 2 5 -11 -5 -22 5 
2 3 3 -10 -3 -12 1 -1 -1 -39 
1 3 15 1 10 -1 -30 -3 7 -9 
2 3 9 -2 4 -6 -18 -7 -35 9 
1 3 51 19 4 -8 -38 7 198 -19 
3 6 463 -8 -18 8 31 98 63 -45 
3 4 409 7 6 -3 -58 98 248 -41 
6 13 163 3 32 -7 13 -9 -64 -77 
1 1 4 1 3 3 5 -4 1 6 
1 1 6 -1 1 0 2 4 9 -4 
1 1 4 2 -1 5 3 0 1 -2 
2 3 3 2 4 2 -1 1 -3 0 
1 4 9 3 1 -4 -4 -2 9 -12 
3 3 6 2 4 -7 0 3 7 -8 
2 3 9 1 1 -2 -2 0 3 -12 
1 5 9 0 -1 -5 4 3 18 -10 
2 1 13 -7 -12 17 11 15 11 12 
5 8 12 -3 -1 -9 7 8 20 -16 
3 4 22 10 9 2 -11 -7 -2 -14 
4 3 1 11 3 -6 13 9 29 12 
1 1 15 1 2 0 5 -14 -17 -14 
2 2 3 -1 7 2 7 -8 -1 -18 
1 1 20 5 3 2 -9 -1 -6 0 
1 3 9 -3 -1 1 10 3 3 -16 
1 7 49 0 -1 -1 2 -1 14 -21 
1 4 38 -1 -1 5 24 -13 -5 -13 
4 3 17 10 1 2 -12 -3 11 -21 
1 14 16 5 4 1 -18 0 -9 -11 
1 4 51 -1 -7 5 12 8 14 -9 
1 7 49 0 2 -1 -1 5 -7 -21 
1 11 30 0 -1 1 -7 7 5 -21 
3 8 9 12 7 3 -7 -10 -3 -15 
3 32 45 9 5 -13 -31 -3 21 -49 
5 9 51 4 0 19 51 -37 -43 -19 
7 10 105 1 13 -13 14 -8 39 -61 
4 17 63 5 10 3 24 -39 -27 -45 
1 4 6 1 1 -7 -12 10 23 -3 
4 5 3 2 9 -4 4 -4 -6 -15 
2 7 6 -4 -3 -1 -1 7 7 -9 
2 5 5 -3 -4 -2 -2 11 10 -9 
1 2 396 -2 -3 1 9 47 27 -25 
1 18 42 -2 -3 3 -1 13 19 -27 
4 4 36 5 7 6 17 -42 -15 -7 
8 9 9 -8 -5 -5 2 14 16 -19 
7 14 34 28 11 -1 -37 -9 22 -47 
12 9 32 11 -16 -1 -37 49 68 -63 
12 10 19 -13 7 24 55 -22 -13 -47 
12 17 12 9 35 3 28 -13 -30 -41 
1 9 28 2 0 -6 -30 18 95 -9 
8 7 11 -6 7 10 16 -8 -8 -25 
2 6 19 13 6 -4 -21 2 22 -1 
1 24 19 5 8 -6 31 -10 -8 -27 
1 1 2 4 1 0 -2 -3 0 -7 
1 1 1 -3 -2 3 0 4 -1 -3 
1 1 3 -2 -2 2 2 -1 3 -3 
1 1 3 0 0 2 2 -3 -5 -3 
1 2 1 0 2 0 5 -3 1 -5 
1 2 3 1 -2 3 4 -1 3 -1 
1 2 1 -1 0 -1 -2 3 3 -3 
1 2 3 1 -1 1 1 -2 1 -5 
1 1 3 -2 2 1 -5 -10 0 -1 
1 1 6 -2 -4 -1 -6 -1 2 3 
1 2 1 0 1 -2 -3 -6 -8 -3 
1 1 3 4 -1 0 0 -2 -9 -3 
1 1 4 1 0 0 10 2 7 -1 
1 1 9 0 0 1 3 7 -7 1 
1 1 11 0 -1 1 -2 7 2 3 
1 1 7 1 -3 0 0 -2 10 1 
4 23 75 -5 -2 -9 -25 70 120 -44 
2 35 15 -13 -1 13 23 81 98 8 
5 7 173 5 -15 22 71 -44 48 12 
11 9 157 18 16 7 -38 19 -6 -56 
1 5 12 19 18 -9 -12 14 -1 6 
1 14 9 8 11 2 1 -2 -20 -4 
8 5 7 -16 -1 12 1 18 -1 -26 
4 5 12 12 -13 22 10 10 1 -4 
1 1 5 -2 -2 -4 4 3 1 -1 
1 1 2 1 0 0 4 6 -5 9 
1 3 1 1 2 5 2 -5 4 3 
1 2 1 -1 4 1 1 1 -5 9 
1 1 1 1 7 -2 -8 -4 -16 5 
1 1 4 2 -5 -2 7 9 -9 -15 
1 1 1 -2 -5 -3 -4 1 12 17 
1 1 4 0 -4 -1 15 -8 -19 1 
1 2 25 5 4 -4 -10 4 24 -8 
1 1 4 7 0 -2 13 5 41 -4 
2 2 8 2 6 7 29 -7 22 10 
1 10 6 4 7 4 18 -12 -11 -4 
1 9 16 4 4 -8 -6 -2 21 -14 
3 8 8 3 4 -4 4 -2 5 -24 
4 3 3 -8 -4 8 3 19 2 -14 
4 3 10 4 -8 12 11 3 -7 -10 
1 1 1 2 -1 4 1 2 -1 3 
1 1 2 0 1 2 0 3 0 -5 
1 1 2 1 -1 0 1 3 3 -3 
1 1 2 -1 0 0 -1 3 3 1 
1 1 2 1 0 -2 -4 6 11 -3 
1 2 6 -2 -1 0 1 5 4 -5 
1 1 4 1 -3 5 5 -1 -1 -1 
1 1 5 4 4 0 -3 -3 0 -5 
1 3 16 -2 -1 -1 1 21 25 -5 
1 5 11 1 4 1 14 -12 -5 -11 
5 6 1 -5 7 -5 -11 12 11 -5 
1 5 4 -1 -1 -4 2 13 28 -3 
1 1 3 5 4 -2 -4 3 -6 -3 
1 1 5 1 2 0 -8 3 6 -9 
1 1 11 3 1 0 -4 -5 -7 -3 
1 1 13 -1 2 0 -3 -2 1 -9 
2 2 27 8 4 -7 -3 0 36 -18 
1 10 29 1 2 6 30 -16 -26 -14 
2 3 80 2 8 -3 -2 -5 2 -24 
4 5 23 -1 9 -1 11 -10 -9 -28 
1 4 71 -2 -2 6 21 5 -2 -22 
5 1 17 5 3 10 19 -17 -15 -2 
1 5 16 3 10 1 29 -7 -41 2 
4 8 4 -2 -7 -1 -7 24 20 -18 
1 1 3 1 4 2 8 -5 -8 0 
2 1 1 3 0 -1 -6 6 11 -4 
1 1 21 0 0 1 2 -3 -7 -8 
1 2 1 1 -1 -3 8 6 16 0 
1 1 2 0 0 1 2 -2 -1 -3 
1 1 1 0 1 1 3 -2 -1 -3 
1 1 3 1 -2 2 1 -1 -1 -3 
1 1 3 -1 1 0 1 1 -1 -5 
1 1 1 -1 2 1 1 -2 -2 -5 
1 2 1 -1 1 -1 1 -2 -2 -5 
1 1 1 1 -2 2 3 -3 1 -3 
1 1 2 0 0 -1 -2 -2 0 -5 
1 1 9 1 6 3 6 -3 0 -4 
1 7 9 0 0 5 1 0 -9 -4 
1 4 14 1 0 -1 2 2 -1 -4 
2 2 5 2 4 -1 2 3 14 -2 
1 1 4 0 9 3 23 -12 12 -4 
1 12 12 -2 0 0 -12 12 11 -18 
3 3 14 3 0 -5 -5 3 13 -16 
4 1 1 -12 8 14 2 17 3 6 
2 6 161 4 70 7 184 -170 -279 47 
35 7 39 -49 -6 86 140 -66 55 -49 
4 1 75 37 8 -8 -31 41 367 -3 
4 20 50 -34 4 69 32 176 55 27 
1 7 28 0 -1 7 -19 4 40 8 
2 8 22 3 1 -8 0 -14 7 12 
4 8 13 -7 -2 8 -12 -1 -4 14 
3 5 14 6 4 0 14 23 0 -2 
3 28 20 -25 -7 -16 6 -74 1 -7 
4 16 17 -2 -4 -19 12 67 56 -83 
5 16 49 12 -3 -43 -77 -4 80 7 
4 4 147 -6 46 3 22 -161 -111 -79 
12 36 76 31 70 -30 12 -21 -59 -125 
1 4 1858 1 58 2 122 -491 -769 -51 
20 7 81 -27 -2 68 129 -9 -126 -117 
23 45 73 -7 25 -3 9 -7 -27 -135 
16 121 50 107 151 24 94 -121 -110 -87 
21 16 538 51 82 -52 -80 169 375 -75 
36 86 165 18 96 -15 30 1 -169 -237 
36 95 108 16 -62 173 154 -33 -67 -159 
9 82 72 60 51 -71 172 -38 61 -163 
1 92 588 8 0 -1 -115 184 263 -117 
20 76 81 27 90 -42 30 25 31 -39 
23 65 72 61 -19 -90 -22 42 -21 -35 
1 1 1 0 -2 4 2 5 -1 -3 
1 1 4 2 2 -1 -1 6 5 -1 
2 2 3 -2 3 1 2 1 -2 -5 
1 2 3 1 -2 5 1 2 3 -1 
1 1 2 8 1 -1 8 1 15 -3 
1 1 61 2 2 1 -6 -2 -6 -9 
1 3 9 -1 -1 -2 -2 9 15 -7 
1 2 9 6 5 3 -7 4 5 3 
1 5 3 -4 0 2 5 38 32 5 
1 3 11 8 3 -9 -10 5 34 -1 
1 6 53 -1 -5 5 12 2 5 -17 
4 5 9 7 11 9 16 -12 -25 3 
1 3 7 -4 0 3 1 11 -5 -19 
1 2 7 -2 2 3 14 -9 -14 -1 
1 5 4 1 -1 2 15 -7 1 -11 
1 3 9 2 5 -1 -10 -2 -8 -5 
1 1 40 -1 0 2 1 3 -4 -3 
1 4 4 4 9 -5 -1 2 2 -3 
3 3 4 3 8 1 -2 5 4 -3 
1 4 12 4 1 3 -2 6 -5 -5 
2 1 36 3 2 4 14 -33 -15 3 
2 7 1 -6 -1 1 -7 16 14 -7 
2 9 6 2 7 -4 12 -7 -7 -19 
4 6 9 -6 -2 -3 8 7 13 -13 
1 14 32 10 5 -13 -26 -4 37 -27 
5 9 18 24 14 11 -26 15 21 11 
9 7 19 19 25 1 -13 11 -9 -9 
2 7 16 -4 3 -3 1 60 76 1 
2 3 2 -10 1 -8 -12 13 23 -1 
1 12 28 -1 -1 -2 -8 -10 -19 -13 
4 4 9 -13 -10 10 -4 3 3 -3 
2 11 9 -9 -8 -2 4 9 3 -3 
1 4 19 4 10 0 8 -13 -15 -14 
2 5 21 1 7 0 9 -7 -7 -20 
1 8 28 2 2 -4 -20 7 23 -10 
2 1 17 7 2 2 -9 10 44 0 
1 7 272 1 3 -4 -18 22 63 -34 
2 25 47 1 2 -4 -2 -2 1 -40 
2 1 129 5 5 -4 -11 43 134 -10 
3 8 44 9 7 -7 -27 8 28 -24 
1 2 64 -1 -1 -1 -3 32 36 -12 
4 3 9 8 4 -3 -7 0 6 -14 
1 9 16 -3 -1 -1 4 12 20 -10 
4 6 9 -4 0 1 2 4 0 -18 
1 1 72 0 2 2 13 -36 -12 -10 
1 4 31 3 5 -1 -12 -1 -3 -12 
2 3 19 2 1 5 13 -21 -7 -4 
2 3 37 1 0 0 -5 -2 1 -18 
1 2 39 -4 -7 5 -5 1 11 -16 
2 4 11 2 7 -5 14 -16 14 -40 
1 7 9 11 4 -15 -13 3 -15 -4 
3 8 9 -6 4 -13 -3 -23 -6 16 
1 8 25 2 2 7 1 5 14 -20 
4 8 9 4 4 5 9 1 15 -16 
1 9 17 8 4 -7 1 2 -9 2 
5 5 9 9 2 5 13 0 -2 -10 
4 1 23 -3 -7 14 23 -8 -10 -13 
1 12 24 9 6 -8 -23 -3 12 -19 
4 4 23 -2 -8 15 16 1 -16 -23 
5 8 18 0 -6 17 10 3 -19 -31 
1 7 36 0 -7 15 36 10 9 -7 
2 9 4 0 15 0 48 -3 3 -17 
2 16 21 9 2 -2 -32 7 13 -17 
1 18 48 0 -1 9 51 -14 2 -11 
1 4 11 0 7 6 6 4 11 3 
1 5 7 -6 5 1 11 3 6 -5 
1 5 4 6 -2 1 4 -10 7 -9 
1 6 4 1 -4 5 9 0 18 9 
1 1 282 3 4 1 -2 -35 52 7 
3 7 10 10 4 5 11 -5 16 -25 
4 4 3 5 -9 14 8 16 25 -9 
2 6 28 -1 -3 2 21 8 -18 -3 
1 66 28 16 33 3 99 -42 -76 -25 
5 4 67 41 19 -26 8 9 145 -27 
1 116 228 5 5 -32 23 -26 120 -103 
3 4 29 -32 -11 85 32 82 25 51 
3 2 8 11 3 19 9 25 1 21 
3 4 1 1 4 -3 0 20 49 5 
5 6 12 -2 13 4 13 -1 -15 -15 
3 2 52 -5 6 1 5 35 37 -15 
3 1 26 -13 -10 35 24 29 -15 -31 
12 13 26 -2 -3 -10 7 -1 21 -47 
10 17 23 9 30 -27 2 9 -6 -51 
10 1 4 7 23 15 46 -21 -1 19 
3 1 102 26 7 8 -23 24 259 -21 
1 12 432 3 1 -14 -21 115 698 -29 
27 34 12 21 22 45 76 -41 -5 -25 
16 30 3 23 -14 -66 43 31 99 -35 
1 22 91 -5 -2 5 -16 24 65 -47 
3 14 49 -1 -2 -12 -9 8 14 -59 
6 4 55 15 10 1 -29 0 -5 -47 
2 2 4 20 19 37 15 56 13 11 
1 2 3 -12 6 29 -28 -11 73 -107 
4 7 4 28 29 56 9 -30 -16 107 
1 24 18 -10 -24 -37 -12 69 -41 11 
4 16 5 -7 54 -12 -84 33 25 25 
2 4 209 -5 -36 -5 69 12 -106 -43 
4 4 592 -6 -18 -11 -26 -25 -11 5 
3 23 50 11 -4 -20 -102 -57 -71 7 
5 8 25 -10 1 13 -74 -70 -65 -59 
4 7 10 -3 10 -7 -15 -37 -55 -7 
4 8 5 -3 1 -22 -37 -23 -29 -5 
5 10 13 -9 -10 -1 -6 -34 -34 -13 
7 13 1 0 2 -22 -8 -23 -28 5 
1 5 1 -3 10 -12 -9 -28 9 6 
3 5 3 -11 -6 5 1 14 18 -10 
2 9 2 8 -10 6 -17 -11 -11 10 
6 7 4 -2 5 -2 -11 8 9 -26 
4 9 1 8 32 10 56 13 8 24 
3 17 5 2 24 32 17 51 29 40 
9 15 12 -15 -3 -5 2 28 24 -20 
9 2 20 36 6 12 -19 1 38 -30 
2 53 81 -8 -21 40 70 54 99 -18 
3 23 96 2 -30 44 25 64 16 -52 
2 62 121 12 13 -9 -59 -15 -44 -64 
9 7 188 -3 39 4 49 -65 -98 -86 
2 10 101 7 1 -2 -35 4 101 -16 
11 18 11 -7 0 -6 21 37 29 -2 
11 16 7 -8 11 -4 -28 30 45 -8 
2 19 39 19 10 5 -19 -7 10 -2 
1 14 26 -3 -2 -1 -18 44 75 -20 
7 6 34 9 -12 17 24 -13 15 4 
9 11 18 9 -8 23 7 -3 -23 -34 
2 18 43 2 3 -3 -36 16 12 -30 
3 4 3 5 -1 -8 12 19 84 -4 
1 9 64 7 12 -1 -20 3 -2 -16 
6 7 27 8 -5 17 31 -12 4 0 
3 4 111 1 9 -5 -2 38 31 -30 
1 4 7 3 -9 -2 -9 26 14 13 
4 7 5 -3 6 14 -14 -5 13 -11 
4 7 4 3 -1 2 -2 -6 23 7 
1 12 28 -3 2 4 10 0 -21 7 
1 4 31 7 19 -2 -14 8 -19 -19 
1 10 29 -4 -9 21 26 -3 22 5 
2 16 16 -5 -1 0 20 2 3 -39 
4 2 28 3 -1 -8 -17 18 44 -5 
1 2 9 -13 4 -2 -7 3 -48 -11 
3 1 18 -11 -8 19 22 3 6 -15 
4 9 3 -13 -3 6 -9 24 16 -13 
4 13 18 4 -6 15 17 -15 4 -15 
1 48 32 -9 -4 24 4 41 45 -31 
9 16 36 22 13 -2 -15 -24 2 -55 
7 12 18 1 46 -2 44 15 -57 -59 
4 16 53 -1 0 -16 -4 41 99 -27 
1 13 13 -1 -2 5 -15 12 8 -22 
4 1 9 1 -5 10 13 -6 6 4 
3 5 5 1 5 4 16 -11 -2 -10 
2 4 15 3 4 -8 -4 8 19 -8 
1 1 94 1 -8 3 13 -19 -9 -4 
3 4 19 2 1 0 0 -15 -3 -18 
1 12 1 -4 1 0 -16 14 25 -14 
2 1 16 4 5 -4 -9 8 24 -8 
1 11 20 -1 2 -7 -27 -15 -19 -16 
2 1 9 -7 -8 -6 3 24 27 18 
4 3 14 8 -12 1 3 3 -19 -28 
2 9 9 -3 5 0 -15 -15 -14 -18 
1 15 6 2 4 -2 20 1 48 -18 
3 8 6 6 -1 -4 8 18 5 -14 
2 9 8 7 16 5 -4 9 22 18 
1 16 27 1 -1 0 24 0 72 6 
1 1 1 -7 -3 -2 -4 0 9 6 
1 4 7 -1 -4 -3 -2 -5 -10 0 
1 1 4 -3 -1 2 -1 -17 -11 0 
1 3 1 -2 3 -1 -13 -4 -7 -6 
1 1 2 0 -2 1 1 1 0 -2 
1 1 2 -1 1 2 1 1 -2 -4 
1 1 2 -1 0 1 2 -1 0 -2 
1 1 2 1 0 2 1 -2 0 -2 
1 1 1 4 1 -2 -5 2 7 0 
2 3 1 2 3 2 3 -2 -3 -4 
1 1 4 2 2 -3 -3 4 8 0 
1 2 3 4 1 -6 3 -1 8 -8 
1 12 16 1 2 6 22 -8 -23 -13 
6 7 9 1 1 0 11 -12 6 -21 
7 7 6 -13 -3 0 10 12 13 -3 
1 12 19 -2 -3 7 11 4 2 -17 
1 5 256 1 11 1 27 -60 -96 -31 
1 4 2 3 37 -2 38 -8 -11 -31 
3 2 158 2 4 5 31 -91 -10 -5 
4 4 3 16 2 -1 -35 19 76 -3 
1 1 179 1 3 -1 -5 6 29 -16 
2 7 9 -3 -4 4 -2 12 9 -16 
1 6 7 7 13 -5 2 1 -11 -12 
2 1 49 -4 -6 4 11 3 10 -10 
1 11 68 7 13 -10 -20 8 -12 -20 
9 1 22 -3 -12 20 26 -11 25 14 
3 19 17 13 7 -7 -37 5 10 -18 
11 12 20 6 4 6 -19 16 -4 -40 
1 10 14 -1 30 4 11 -41 300 -29 
13 18 53 29 -13 6 33 14 32 43 
13 7 14 -12 10 9 28 -89 135 -25 
14 20 1 -5 30 6 24 -42 73 -25 
3 9 38 -7 -3 2 11 17 18 -24 
2 9 16 -6 -7 22 11 16 -5 -26 
4 4 93 7 2 4 -16 -7 -8 -30 
8 6 14 4 8 -7 -21 25 24 -16 
1 4 39 -3 1 2 -5 83 87 -8 
1 20 56 1 3 -4 -20 5 25 -28 
4 5 36 7 -15 17 14 12 -16 -22 
2 9 29 -7 -7 21 42 4 37 -2 
1 1 58 -1 -13 8 11 30 7 -1 
4 11 3 -6 -3 -1 -13 21 20 -19 
1 8 81 -1 -2 3 -4 14 -4 -29 
1 19 16 -2 1 -9 -3 17 50 -9 
1 8 73 -1 0 3 21 -10 -15 -25 
3 4 9 17 3 -17 8 -2 31 -25 
3 9 27 2 1 0 6 -12 1 -27 
1 16 2 3 11 -1 45 -9 0 -17 
1 1 58 4 -13 11 3 17 -4 11 
2 1 1 11 6 -1 -27 8 38 -15 
1 4 71 4 6 -2 -1 3 -49 -27 
3 9 10 16 13 3 -15 -1 -3 23 
1 1 31 2 13 9 30 -21 18 17 
1 9 80 -1 3 0 15 1 57 -29 
3 9 27 -1 -1 0 24 6 16 -27 
4 10 11 -1 6 -6 -5 6 33 -17 
1 2 164 2 3 -1 -12 2 26 -20 
4 6 20 -2 -2 2 -1 7 0 -24 
1 18 28 0 0 1 -2 1 -3 -24 
8 8 9 7 -14 2 -4 4 16 -32 
1 3 15 2 14 3 29 -17 -39 5 
9 10 13 15 -6 7 -5 -11 7 -35 
2 3 13 3 -1 -7 -2 20 61 -9 
3 4 65 3 -17 7 3 7 9 -23 
2 1 13 -1 0 14 40 -14 -11 -5 
1 13 25 5 9 -8 -8 -2 -18 -19 
3 3 52 2 0 5 13 -36 -19 -13 
3 1 4 3 -5 -4 -7 37 67 -11 
1 4 49 -3 -10 11 11 -23 -19 -9 
5 13 10 -2 2 -15 -29 -2 23 -7 
4 11 13 -17 -10 5 -5 11 4 -5 
5 2 10 -7 14 -9 -24 28 -25 13 
1 16 11 -1 20 -3 34 13 5 -15 
3 11 25 -2 1 7 8 -2 34 -23 
9 9 11 1 15 6 6 9 7 -25 
3 20 25 -1 6 5 24 -8 16 -11 
1 34 18 5 16 5 48 -17 -81 -22 
7 8 87 -11 -3 0 -5 63 17 -40 
12 11 34 6 11 -3 -14 6 -14 -58 
5 21 46 -4 -16 15 8 7 -1 -44 
1 27 122 12 52 -4 54 29 -204 -24 
19 1 25 -6 71 26 110 -25 103 -4 
29 36 44 34 7 30 19 -55 -24 -84 
16 36 81 1 4 -20 4 0 36 -108 
1 529 630 -3 -5 52 763 -57 180 -174 
57 45 99 -20 73 15 93 -61 -77 -222 
19 24 736 -5 47 -3 77 -144 -80 -230 
6 9 6911 1 0 0 -15 24 7 -216 
3 28 380 4 1 -16 -20 86 279 -76 
9 48 108 0 12 -2 -1 4 12 -108 
8 8 149 -2 7 25 133 -61 -146 -48 
5 32 24 -16 16 84 40 99 59 40 
1 1 26 0 1 2 -2 2 -2 2 
1 2 8 3 -4 2 0 8 9 0 
1 2 6 3 -3 2 0 1 11 4 
1 2 3 4 -2 3 1 -11 4 -4 
1 2 6 2 11 2 13 -15 -10 4 
1 1 27 2 -5 7 13 -1 -9 -2 
1 5 6 3 7 4 19 -13 -2 2 
4 6 7 0 0 3 -1 2 -3 -16 
1 1 18 0 1 1 7 -13 1 -6 
1 1 3 4 1 -4 2 2 13 -2 
1 1 23 -1 0 1 7 -9 2 -8 
1 3 1 -2 -3 2 -2 10 7 -6 
2 5 25 5 6 -6 -4 -5 9 -21 
2 4 49 -1 -7 2 6 2 15 -19 
4 5 1 5 2 -10 9 10 25 7 
4 4 11 2 -8 -5 -1 13 30 -21 
1 9 34 -4 -4 3 12 13 19 -13 
1 9 12 -4 -1 3 -9 26 22 -19 
4 4 3 3 -4 -7 -7 14 28 -17 
3 7 12 -3 -7 10 17 -2 4 -13 
1 8 21 -2 2 -13 -10 -3 37 -29 
4 9 16 -4 -6 3 2 -5 -23 -19 
2 9 5 0 -17 5 -9 -8 -20 5 
2 2 25 7 6 1 -22 16 -8 -25 
1 5 60 5 -16 -15 -8 26 -69 -25 
9 7 24 -3 -9 -16 -10 -26 -45 1 
4 18 7 -8 -2 -5 16 -37 -55 7 
2 12 4 -1 13 -10 -59 -26 -58 -3 
1 4 9 3 -23 20 5 4 36 57 
8 9 27 -1 6 4 10 -3 -25 33 
2 2 452 -2 -1 1 -13 -64 110 25 
5 4 68 -4 -5 2 -11 54 -46 29 
1 1 3 0 3 4 0 12 9 8 
1 3 5 2 6 1 -2 1 1 -2 
1 4 3 1 6 3 3 -3 -3 2 
1 1 3 3 -2 -1 -1 -1 14 2 
1 3 50 2 15 0 13 -25 -40 -15 
4 1 12 5 10 7 26 -25 -9 15 
4 3 16 -6 3 10 25 -7 -15 -25 
4 5 34 -4 1 1 6 5 -2 -27 
1 25 23 -2 0 0 -27 18 17 -23 
5 1 19 8 8 -2 -7 26 43 -1 
4 9 6 12 5 -21 5 5 27 3 
5 4 1 19 7 -7 12 7 27 19 
1 14 20 -9 4 15 0 122 83 -6 
19 5 18 8 -1 33 52 -35 1 2 
1 31 35 -8 -13 27 21 69 73 -8 
8 19 61 9 13 -3 6 -34 -11 -66 
3 18 82 17 6 -18 -93 57 238 -25 
5 11 132 15 67 13 65 -30 -166 37 
5 10 508 2 -25 19 41 -34 -64 -57 
28 33 45 0 17 -23 11 -2 26 -91 
1 8 27 -4 -2 23 13 45 0 -23 
5 4 9 -1 16 6 49 -21 6 -19 
4 15 28 -5 -7 22 4 15 -14 -39 
2 7 25 -5 -17 14 11 58 24 7 
4 10 30 2 32 9 104 -65 3 -23 
2 12 10 5 35 10 124 -24 -65 25 
14 27 29 -3 12 -30 -32 45 57 -39 
20 36 43 19 14 26 -38 24 -35 -81 
5 74 396 4 5 -7 -102 44 35 -153 
4 12 650 5 -12 38 236 -165 -205 -23 
22 12 145 -14 81 15 121 -120 -98 -157 
6 36 271 13 48 18 104 -122 -311 -61 
4 35 36 -20 -2 3 57 79 112 7 
12 36 27 43 40 6 15 -69 -14 -61 
12 7 48 2 -12 -13 -36 103 118 -49 
6 20 32 41 35 -22 -52 2 13 -19 
1 16 5 8 16 17 104 -61 -121 -113 
4 8 36 6 -17 -55 -46 58 137 37 
4 10 45 6 11 -15 -91 -34 -20 -145 
4 31 1 -12 -4 17 -37 61 77 -153 
1 9 168 13 26 6 -15 173 340 -23 
4 45 82 0 -4 9 -42 77 197 39 
16 9 52 27 16 4 121 -21 74 -11 
20 19 65 48 -1 64 27 -20 51 -53 
1 2 93 -2 -1 3 6 5 -12 -3 
4 7 10 1 2 0 -5 1 8 -5 
4 2 9 -2 9 7 12 -2 -9 1 
1 7 20 -1 5 4 -1 -2 2 -15 
2 2 8 -4 3 -3 34 46 -13 5 
8 1 16 2 7 -16 18 19 13 17 
2 5 16 -13 17 -12 5 -4 12 31 
2 5 50 -5 13 2 -10 -18 17 29 
1 46 133 -1 2 -4 73 -2 -33 28 
15 8 13 12 1 44 -33 17 25 -40 
15 2 21 -31 18 35 34 38 19 36 
2 26 52 3 -4 6 -21 -13 132 24 
4 11 3 15 -5 -1 -28 9 26 -23 
1 3 87 4 18 -2 -5 5 -24 -7 
5 8 19 2 3 -4 -3 6 16 -19 
6 1 25 1 -3 7 18 -17 -20 -5 
1 1 6 4 0 2 6 2 7 -4 
2 3 3 1 1 3 4 -2 9 0 
1 4 6 -2 2 0 -2 -2 -3 4 
1 2 7 -2 2 3 -2 -1 0 2 
1 1 6 -2 0 -3 -4 9 10 -12 
1 1 16 3 5 0 -8 -4 0 2 
1 4 13 0 -1 -1 2 -4 -10 -8 
1 4 9 -2 -1 -5 2 0 16 -8 
1 1 5 2 3 -3 -2 3 4 -2 
1 1 3 -1 -4 3 2 3 2 -2 
1 2 4 0 -2 2 1 0 0 -6 
1 2 1 2 4 0 3 -3 -2 -4 
1 1 1 0 2 2 5 -7 -3 2 
2 2 1 0 1 -3 5 1 8 2 
1 3 2 2 4 2 -4 1 -4 -2 
1 1 1 -2 -1 -3 0 3 8 -2 
1 4 129 -2 -5 4 11 31 -26 8 
1 4 17 6 12 0 0 -8 53 0 
5 8 9 14 16 5 -4 -7 5 20 
1 9 13 -4 11 13 40 7 24 12 
1 16 27 9 1 -12 -68 11 84 -28 
1 36 53 5 10 -8 -36 3 -49 -22 
9 11 31 -9 3 -6 -6 19 20 -36 
2 6 161 2 5 -9 -11 13 100 -32 
16 17 90 -12 -4 -8 3 43 44 -76 
3 25 179 9 26 -3 17 -60 -96 -68 
17 13 48 29 4 -36 -2 6 85 -78 
18 36 39 -15 -21 20 48 -13 25 -70 
1 4 179 -1 5 -3 10 7 19 -86 
1 23 8 -3 -3 -32 -53 7 166 34 
1 6 67 1 -15 13 16 -1 1 -78 
4 13 36 4 -12 -5 26 1 -54 -58 
1 14 20 -1 -2 9 10 4 23 2 
2 7 25 -1 0 0 5 4 -2 -4 
4 1 14 4 0 4 12 3 -7 -10 
5 4 7 6 -6 17 -4 4 0 -10 
1 8 2 2 13 5 49 -15 -10 10 
3 7 19 17 7 5 -23 -8 5 -24 
4 5 46 2 -1 0 -13 12 11 -34 
1 25 26 7 3 -1 -67 6 23 -8 
1 1 13 1 -2 2 3 -5 -3 -4 
1 1 5 0 2 1 6 -7 0 -4 
1 2 5 -1 2 1 5 -1 -5 -8 
1 2 7 -1 0 -1 1 3 5 -6 
2 535 832 7 7 -45 -713 76 282 -260 
3 265 838 23 36 12 -234 -33 -642 -168 
84 68 59 -100 111 83 294 -103 -38 -342 
50 52 109 -43 -87 -56 78 319 396 -82 
1 5 4 0 -3 5 2 8 0 -8 
1 4 11 0 -1 -1 -2 2 16 -6 
2 3 8 3 7 3 1 -4 -8 2 
3 4 4 6 5 3 3 -1 -4 0 
1 1 303 2 -4 5 8 28 -50 11 
12 9 1 10 5 0 -21 6 26 -1 
5 9 16 -4 -3 15 3 7 13 -5 
5 9 8 10 17 -7 14 -9 -5 -1 
24 133 3965 1 -14 -38 -144 271 503 -689 
14 156 281 437 207 18 -532 -122 261 -205 
68 132 324 453 434 92 -262 -227 -179 -263 
77 108 754 83 -42 -190 -88 164 1057 -625 
1 1 8 -3 -2 5 4 8 -3 -10 
3 2 3 0 -8 7 2 3 2 -4 
1 2 17 2 0 0 -7 0 4 -10 
2 3 6 2 1 4 2 -4 -7 -8 
1 1 178 -1 -3 2 12 -14 -15 -16 
3 4 9 -4 -4 -2 1 22 22 -8 
1 9 8 -7 0 10 6 16 9 -6 
1 2 52 4 5 -4 -7 0 28 -14 
1 1 6 5 6 2 -10 9 4 -4 
1 4 4 4 -6 -1 -13 0 -4 -2 
1 2 9 2 7 -1 -4 -9 -12 2 
1 1 25 -2 -6 2 5 -3 -13 -2 
1 1 8 2 1 5 6 17 -7 2 
1 4 9 4 3 -4 0 -3 -7 2 
1 1 18 1 3 0 13 -3 -14 0 
1 8 8 1 0 -1 -3 8 0 -6 
1 1 53 0 -2 4 17 -13 13 -6 
2 7 15 6 3 5 -11 4 -4 -14 
1 3 5 1 2 -4 3 14 49 -2 
2 1 12 1 5 3 20 -12 4 2 
1 3 19 2 5 -3 -2 3 -6 -9 
3 5 5 0 -6 1 3 3 7 -11 
1 4 4 -5 -1 7 5 11 6 5 
4 1 3 9 1 -1 6 4 15 -3 
1 2 221 1 -4 3 16 -46 -14 -11 
2 1 19 -1 -3 14 33 -9 24 7 
2 7 28 -4 -3 0 3 18 21 -17 
4 3 13 -1 3 7 20 -16 -7 -13 
1 1 15 -2 2 2 -2 -1 3 4 
1 3 1 2 0 -1 1 -8 6 0 
1 1 23 1 1 2 -3 4 4 4 
1 5 6 1 -1 4 2 1 6 6 
1 3 20 -2 -10 -11 -7 4 -27 -18 
1 5 17 -4 -8 -15 -16 1 -18 -12 
1 14 15 -4 -3 -8 -23 -14 -29 -8 
3 5 11 4 -2 -11 1 -14 -36 6 
1 2 9 -10 4 -2 -8 8 -37 0 
5 7 6 4 10 -3 7 -7 -8 -28 
2 6 23 -1 -13 2 4 16 24 -24 
2 3 8 -1 2 9 32 -15 -1 -16 
1 3 197 3 31 2 23 -53 -151 0 
4 22 3 -15 -25 22 23 46 33 14 
3 8 107 8 17 0 -20 -1 -33 -26 
3 10 136 -2 2 -2 7 7 10 -48 
2 3 53 9 -2 2 -10 61 71 -9 
2 9 6 13 2 -12 17 -19 58 -5 
6 7 1 1 6 22 7 39 8 -25 
5 6 16 -6 8 12 7 30 11 -41 
5 26 92 -26 -7 -17 -40 -26 21 5 
2 3 28 -13 -20 24 -21 -95 136 -47 
13 2 36 -16 0 -40 -19 -46 69 45 
6 4 30 -39 -50 28 34 -17 -11 85 
1 5 2 2 40 0 82 5 14 -32 
1 53 171 2 1 11 5 -9 -105 -58 
2 4 176 -8 -11 11 9 148 32 -30 
5 31 51 -2 -10 4 -7 17 31 -60 
1 1 8 8 3 3 5 2 23 2 
1 5 20 -1 1 -3 2 9 13 -10 
1 3 8 6 4 -8 -3 4 12 -4 
2 3 11 -1 1 4 7 -3 -8 -12 
1 1 40 0 -4 1 -3 -2 63 8 
1 5 3 7 -4 1 1 17 0 -14 
1 6 5 2 -11 2 11 6 19 2 
3 7 5 -4 15 -1 -7 6 5 4 
1 3 26 8 -11 25 6 99 14 2 
1 3 30 -5 -11 44 27 39 -5 -16 
17 13 22 12 -7 27 24 -25 -18 -30 
3 7 25 3 40 -1 45 -19 -52 -40 
1 2 23 2 -8 -17 -7 27 -8 -5 
2 11 1 -6 7 15 -18 -14 -11 -27 
2 8 16 -3 -11 -17 -3 12 -20 -9 
2 1 53 -3 13 -2 -19 -52 6 -19 
1 1 2 1 3 2 6 -5 0 2 
1 2 1 -2 -1 0 1 6 5 0 
1 1 11 1 -1 2 2 -4 -6 -4 
1 1 11 1 0 0 -2 0 1 -6 
1 1 2 0 9 -1 12 -9 -11 2 
1 7 8 2 2 2 -7 -4 -4 -14 
1 3 12 0 -2 -6 3 8 20 -10 
1 1 4 12 -1 9 0 0 16 -10 
1 2 58 4 -3 1 1 -19 22 2 
1 4 4 2 -2 1 -2 38 7 0 
2 8 19 3 -4 0 3 2 13 2 
1 5 32 5 -2 0 6 0 -11 0 
4 94 176 15 -3 -68 157 44 464 -75 
4 37 120 66 110 59 28 71 -49 121 
19 8 49 8 135 5 129 76 -150 -135 
10 57 116 34 51 -16 17 -42 -72 -85 
1 4 67 -5 -17 13 18 28 7 0 
5 9 13 2 7 -14 28 35 57 22 
5 12 19 -4 -7 21 38 -22 22 -8 
1 13 12 20 32 -18 -9 20 -24 -22 
1 10 39 -2 -3 8 7 29 56 3 
2 7 48 3 -5 4 9 12 20 -27 
9 9 8 1 16 -2 -9 19 14 -15 
2 20 20 2 1 -3 5 12 2 -21 
4 9 22 8 -2 -7 -51 41 106 -33 
1 49 103 -1 -3 11 -47 25 1 -59 
12 1 20 9 16 14 41 -43 4 21 
4 16 16 -21 12 20 4 53 21 -11 
4 5 3 72 -2 -31 -12 5 123 -71 
17 1 52 11 -8 77 110 -9 100 85 
16 15 72 -20 -4 -7 -8 133 99 -49 
9 42 101 7 9 -22 -15 0 34 -101 
1 32 52 -4 -17 30 21 6 -10 -17 
1 30 31 -8 -11 3 55 36 72 -41 
6 1 25 -11 -29 20 42 30 -9 -33 
12 6 23 31 20 0 -41 -9 -8 -9 
1 2 34 0 -3 6 19 -10 -6 -6 
3 4 10 -4 -4 -2 3 16 18 -8 
6 6 8 11 10 4 -10 7 -3 -6 
2 3 7 14 12 -4 -8 5 1 0 
1 2 33 0 -9 6 5 19 6 -6 
1 8 6 2 5 6 25 -9 -14 -2 
2 1 17 -2 -3 8 17 -8 2 -4 
1 8 6 -1 0 -4 16 18 41 4 
1 7 26 -2 11 -9 30 2 13 -15 
1 4 38 4 8 -5 37 2 19 5 
4 4 38 -2 6 7 3 -1 26 -3 
7 8 16 1 3 0 -1 -4 16 3 
1 16 98 -4 -6 10 23 7 -21 -27 
4 7 92 0 -10 1 1 -3 -12 -37 
8 9 28 -6 -1 -3 -17 18 16 -35 
1 32 56 0 2 -1 -18 -7 -13 -45 
8 9 45 85 -3 -22 180 86 983 -61 
38 119 206 -121 -66 104 205 105 150 -185 
46 21 166 56 -201 212 110 149 -37 -105 
20 100 23 -83 105 220 51 304 122 113 
1 1 10 1 -4 5 5 1 -6 -6 
2 2 7 1 -2 3 4 -5 -1 -6 
2 4 2 -3 -1 -2 1 5 6 -4 
1 2 5 -5 1 6 5 9 4 0 
1 5 18 1 2 -4 -2 1 7 -13 
2 1 1 -1 11 2 14 0 -7 -11 
3 3 12 3 4 2 -2 -1 -9 -11 
3 2 4 2 -2 -4 -3 8 15 -9 
1 2 17 3 2 -4 -5 9 22 -1 
2 1 14 1 4 4 10 -11 -13 -3 
2 2 9 1 5 3 14 -12 6 3 
1 4 9 -1 1 -2 -2 18 21 -3 
1 2 9 1 0 -3 -2 9 17 -5 
3 4 4 1 -5 7 -1 3 0 -11 
1 4 5 -2 -4 6 5 8 7 1 
2 4 5 0 3 1 7 -5 -1 -9 
1 1 21 2 -9 13 10 16 -10 -13 
1 9 1 -3 -2 -2 1 24 39 -3 
7 5 12 -13 7 8 7 13 -11 -31 
1 4 9 1 6 5 35 -12 -23 -3 
1 4 88 4 20 0 -5 12 36 -18 
1 4 128 7 8 0 -4 -14 19 12 
4 8 11 4 -8 -9 -10 15 40 20 
1 8 24 14 13 1 5 -7 -8 22 
1 1 1 2 0 -1 -2 1 5 -4 
1 1 1 1 0 -2 0 3 5 0 
1 1 3 0 0 1 4 -3 0 -2 
1 1 3 0 0 1 4 -3 2 -4 
1 7 23 13 7 7 -27 3 26 4 
1 4 24 5 2 -9 6 13 97 2 
4 8 19 0 -16 13 -4 25 6 -32 
1 11 17 11 19 9 2 3 -23 12 
1 3 260 10 18 3 -34 5 63 -3 
3 8 26 0 -16 49 23 30 -25 -53 
11 18 25 -15 -12 0 15 15 26 -39 
17 19 18 -16 14 -19 13 33 34 -13 
1 10 112 15 24 10 -37 -20 -24 2 
5 24 25 34 14 16 -43 -11 -4 -28 
12 21 25 28 9 2 -5 -30 0 -60 
11 12 42 8 15 -16 -12 3 11 -50 
1 2 9 5 3 2 0 21 26 -2 
1 4 24 -1 0 7 6 1 3 2 
1 4 13 -1 3 -2 29 -3 21 0 
1 3 47 1 -1 5 4 11 1 4 
1 1 1 -2 -13 15 1 46 4 12 
7 1 17 15 -7 20 15 14 12 26 
1 9 27 -2 -8 21 33 11 28 10 
1 25 9 4 7 7 40 -12 -24 -8 
1 20 179 2 0 -4 77 21 5 22 
5 5 37 10 18 29 -7 3 22 -8 
7 13 51 2 7 12 1 10 -42 20 
1 23 225 1 0 4 1 0 30 30 
1 4 17 9 7 -10 -1 -5 20 -16 
5 8 11 -1 5 -8 11 -5 10 -26 
1 10 8 3 1 -10 -11 6 31 -10 
6 8 2 1 -4 -13 13 9 17 -2 
1 2 8 -2 -2 4 9 -2 3 -5 
1 1 8 1 3 2 8 -10 -9 -1 
1 4 4 6 6 5 -1 -7 -6 -1 
2 5 4 -1 1 -2 5 -2 2 -11 
2 2 27 -3 -8 6 7 13 0 -13 
1 4 5 2 9 4 29 -13 -2 7 
2 12 16 1 -3 6 16 -8 9 -15 
2 4 3 -3 3 -2 -4 28 31 -1 
2 2 2 0 18 25 -10 -5 29 -35 
6 5 9 -4 4 11 -23 15 -30 -25 
3 4 34 3 5 10 -21 4 72 -1 
2 8 11 1 14 21 -5 14 32 -17 
1 1 6 1 1 -7 10 -1 -4 1 
1 2 9 1 -3 1 -1 -4 14 5 
1 3 8 -4 2 -1 8 -2 5 -1 
1 2 1 0 -6 0 -1 -5 14 3 
1 1 32 -3 0 2 0 3 10 -15 
1 4 14 -2 -4 0 -4 -6 5 -15 
3 4 4 0 -4 -2 7 -2 -2 -15 
1 4 13 -1 -4 -1 4 7 -6 -13 
1 2 1 1 17 0 28 -10 8 -7 
1 4 6 0 10 2 39 -4 -30 -13 
2 9 1 -2 -2 -8 -5 19 38 -5 
1 2 169 -2 -5 1 4 52 26 -19 
1 1 19 -3 -9 -2 -12 15 32 33 
4 3 21 1 -10 -10 -9 -2 -16 5 
1 13 15 -3 -4 -5 -19 -13 -28 -3 
1 1 26 2 -8 -2 8 -6 -56 -23 
1 1 2 -1 0 3 6 9 -4 -6 
1 2 3 4 1 -2 7 -1 2 -10 
1 2 8 1 2 3 -2 -3 5 -6 
1 3 2 3 2 0 -2 7 4 -4 
1 1 26 -1 -2 3 12 -9 -2 -10 
1 8 9 -2 -3 4 8 1 1 -10 
1 4 19 -1 -1 -2 3 4 14 -14 
1 4 8 5 3 -8 -4 -3 11 -12 
1 1 1 -1 1 0 0 4 1 -4 
1 1 1 1 3 2 3 -1 -2 2 
1 1 2 0 2 -1 -1 2 3 -2 
1 1 3 -1 2 0 0 2 1 -4 
1 2 5 3 -2 -3 0 -3 10 3 
1 1 5 3 4 -1 7 -2 -2 3 
1 5 7 0 -1 -1 7 1 -1 -1 
1 3 5 4 -1 -4 3 2 0 -5 
1 15 202 1 -2 3 19 -29 5 -40 
4 8 63 0 -2 -7 -6 24 52 -34 
3 3 44 -2 14 5 48 -52 5 -28 
4 2 23 24 10 -13 -2 -1 46 -24 
1 9 32 12 29 5 3 -24 -40 -2 
1 12 202 -2 -3 4 15 19 -4 -40 
3 7 43 -4 -8 -3 1 62 79 -20 
4 13 43 5 10 -2 16 -32 -3 -42 
1 13 2 6 -6 5 0 19 17 16 
2 13 4 11 -3 -12 18 16 4 -10 
5 4 8 9 5 16 -4 7 -25 8 
4 11 2 0 -4 3 -4 21 -14 12 
1 4 1 6 18 2 25 -16 -78 6 
4 7 49 -1 -12 -2 -18 21 1 -38 
1 16 18 0 9 8 40 -26 -77 -2 
1 4 16 24 12 10 -25 -8 -8 6 
1 2 69 -5 -7 10 13 55 17 -7 
1 4 72 -1 -11 13 20 24 21 -1 
2 18 27 -1 2 -9 -24 20 43 -19 
4 7 33 7 10 -7 -17 7 13 -21 
8 4 54 9 7 21 68 -64 -37 11 
12 12 52 -8 7 -11 -15 65 54 -41 
8 13 32 -6 -23 46 36 10 -11 -39 
9 4 87 19 25 -14 -23 41 71 -17 
1 7 22 6 42 5 49 -43 -60 23 
9 5 32 14 -19 39 41 0 16 21 
10 4 26 -23 -35 38 26 22 21 11 
8 5 8 27 5 -4 40 25 90 19 
1 1 1 3 -1 7 -3 7 -4 -6 
1 1 10 2 1 3 7 2 -9 -6 
1 2 4 2 2 5 -3 12 2 0 
1 1 11 -1 3 0 2 3 16 -8 
1 1 84 -1 -4 2 6 -2 -11 -12 
1 1 4 1 9 3 20 -4 -20 6 
1 7 10 -2 -4 8 8 2 3 -10 
1 7 1 2 9 -1 15 1 -11 -12 
1 2 5 34 4 15 -4 3 47 17 
1 5 30 7 2 -9 -38 20 151 -3 
6 20 25 2 -15 21 14 0 5 -35 
1 2 25 10 1 -9 0 10 133 -13 
3 1 27 -1 -2 8 22 -18 0 -2 
3 4 16 1 8 5 23 -25 4 -6 
3 7 8 6 17 2 23 -23 6 -6 
3 4 28 -5 -3 7 21 -5 -1 -18 
