1 4 1 -1 7 5 -8 -3 17 -11 
1 4 9 8 -2 0 5 0 6 5 
2 3 1 2 -5 -3 10 17 -10 -7 
2 4 1 5 -1 3 1 -11 13 3 
1 1 16 7 5 -7 -13 -4 27 5 
4 8 4 -10 -3 3 -13 11 10 -11 
4 3 3 6 -1 11 15 -11 -19 -13 
3 6 9 -2 -9 -3 -7 13 8 -17 
2 31 24 -2 1 -14 -12 14 41 -27 
1 3 12 20 4 -14 -10 -1 48 -15 
3 11 9 20 4 -20 -19 0 33 -25 
12 16 1 23 33 21 25 1 -13 15 
2 2 3 -10 3 9 14 -30 -10 33 
1 1 4 -2 5 -6 11 26 19 49 
4 4 12 -7 -18 -19 -5 17 2 -7 
3 9 2 -4 -16 -14 21 -7 0 -41 
1 2 3 -1 -2 2 1 5 5 -4 
1 2 4 0 3 0 5 0 -4 -8 
1 2 4 4 1 1 -3 -1 0 -6 
1 3 1 -1 -1 -1 0 4 8 -2 
1 1 18 5 4 -2 -5 -3 13 -10 
1 7 12 1 1 2 5 -5 -8 -12 
1 4 4 0 6 2 17 0 -16 -10 
1 4 8 -3 -5 9 11 4 8 0 
2 4 1 -1 2 0 1 4 10 -4 
2 1 7 -3 4 2 3 6 6 -12 
3 3 1 -3 -1 -1 2 1 11 0 
3 1 4 3 -1 5 9 6 5 12 
1 9 26 0 0 -1 8 -7 9 -20 
1 9 18 -2 -4 10 28 -4 21 -2 
2 2 4 2 9 3 17 -12 -12 0 
3 8 4 -6 2 -2 -7 12 12 -10 
1 4 67 10 10 1 -28 3 31 -6 
1 8 63 7 7 -11 -25 7 46 -16 
1 4 157 -3 -6 1 5 97 94 -14 
1 14 16 0 -10 28 9 24 8 -18 
1 2 39 5 3 2 -5 -4 -32 -18 
2 6 16 1 -3 -4 -3 -8 -16 -20 
2 8 16 -1 -5 6 9 -12 -16 -4 
1 5 16 -4 -1 -5 0 0 20 -26 
1 1 8 -2 -5 6 6 4 4 0 
1 4 6 -1 0 4 16 -6 5 -6 
2 1 3 5 3 -4 -5 5 11 2 
1 1 11 3 1 -1 -7 4 15 -6 
1 13 91 -4 -3 6 38 20 29 -25 
1 4 7 -5 -8 21 12 44 10 17 
7 4 7 7 4 -9 11 29 50 1 
5 5 19 -3 -8 25 18 10 -15 -35 
4 24 7 28 55 7 32 -15 -32 -3 
10 14 81 -10 -17 -1 10 35 50 -57 
19 18 25 -9 -19 -27 30 38 74 -33 
7 31 48 3 9 14 29 -16 -55 -61 
7 109 126 11 13 -28 -103 21 14 -123 
19 47 113 -11 -33 21 41 0 40 -125 
16 59 84 49 28 -23 -18 -65 26 -153 
36 60 71 48 3 43 -98 37 -10 -151 
1 6 961 -2 -14 7 56 33 -28 -59 
7 11 62 27 21 -9 -53 21 17 -15 
4 37 69 1 5 -11 -44 16 25 -73 
4 29 127 -3 2 -7 -6 27 -17 -69 
3 3 44 4 2 3 -20 21 -4 14 
1 14 14 -1 -2 4 -53 16 -20 -20 
4 9 11 12 -1 0 17 -20 1 4 
3 10 10 -9 10 10 -16 -14 9 18 
1 1 1 4 0 -4 -8 9 12 -7 
1 5 7 -3 -4 6 0 0 0 -5 
1 1 11 -1 0 -4 -5 6 22 -3 
1 1 3 3 -2 -6 -3 2 18 7 
1 2 11 1 0 5 -20 14 -22 1 
1 8 13 3 -3 -3 12 12 -2 1 
2 1 21 2 9 -4 6 -3 0 17 
1 8 11 2 -1 -2 3 18 -6 7 
4 316 8204 -11 -21 32 301 237 242 -648 
2 253 1054 128 231 93 -264 85 -740 192 
32 468 677 -25 8 144 325 -23 -466 -668 
67 202 65 180 35 -351 426 225 941 134 
1 1 6 2 -3 6 7 1 3 3 
1 2 13 0 1 -1 -1 2 1 -9 
2 3 4 2 1 0 -1 -2 -1 -9 
1 3 3 6 6 3 -1 -6 -4 -3 
1 1 3 6 5 2 2 6 13 5 
1 2 11 3 1 1 -2 2 6 -9 
1 1 10 -2 1 1 -1 11 17 -3 
1 1 5 3 4 1 8 -1 -10 -1 
2 16 19 2 -1 3 4 -1 -10 -6 
2 9 4 6 -1 2 17 12 31 22 
4 3 19 3 2 6 20 0 -16 2 
3 5 8 10 -2 -4 -5 -4 20 -2 
1 1 7 0 2 4 17 -9 -9 -2 
1 1 8 -6 0 8 6 12 1 -6 
1 5 5 -2 0 -3 3 10 19 -2 
1 3 1 -4 2 4 3 15 9 6 
1 1 80 3 3 -3 -10 25 89 -6 
4 10 16 -4 -4 -3 7 5 16 -22 
1 1 219 0 -3 3 20 -41 -36 -12 
4 10 16 4 4 5 -1 -3 -16 -22 
1 1 8 6 -4 10 3 4 -4 10 
1 9 8 1 3 -2 -20 -4 4 -6 
2 1 9 5 1 -4 -8 0 -5 -12 
2 5 8 6 -1 0 -7 -2 -9 -10 
1 9 13 -2 -2 1 11 6 29 2 
1 1 1 -3 0 9 -1 16 -10 -6 
2 3 8 -4 1 8 7 2 7 -10 
2 1 8 3 5 4 8 0 -8 -14 
3 1 4 1 7 4 14 -10 7 2 
3 5 9 3 -7 9 8 -2 4 -6 
3 4 15 4 -4 6 5 -10 -2 -10 
5 4 6 -3 -2 3 5 -2 0 -14 
1 1 10 -3 -2 8 12 2 -5 -9 
1 5 1 -3 -2 0 2 12 14 -1 
1 4 9 1 2 5 13 -4 -19 -7 
1 2 35 0 -3 2 3 -2 -2 -11 
1 6 67 -9 -6 1 0 5 3 7 
1 13 23 -6 0 -14 1 17 -26 19 
1 7 12 -12 5 -1 0 23 -27 15 
6 5 23 -6 -5 -12 -4 -11 22 17 
11 93 102 2 66 77 147 -3 61 53 
28 71 56 54 -41 16 -26 118 -2 -95 
19 18 109 -35 3 71 -97 116 66 9 
21 43 83 2 36 0 167 91 -25 -153 
1 1 1 0 1 1 3 -2 0 -2 
1 1 3 -1 0 0 3 -2 2 -4 
1 1 2 1 2 -2 -1 2 1 -2 
1 1 2 1 0 0 -1 0 1 -4 
1 2 7 1 -1 -2 0 15 1 -1 
1 2 23 0 1 -1 4 0 -9 -1 
2 2 7 4 0 5 7 1 10 -3 
2 5 5 1 1 0 -1 6 2 1 
13 5 92 120 25 -49 -11 84 706 79 
44 20 535 56 -123 129 224 -52 167 119 
42 22 703 -26 -7 53 216 -334 -87 -235 
13 48 932 -19 -26 -12 -116 722 883 -219 
2 28 153 13 0 -7 -32 68 74 -55 
4 11 104 8 42 9 47 53 -90 -97 
8 23 136 -7 32 6 -8 -1 -19 -49 
18 14 33 17 -2 48 31 15 -2 -77 
1 34 27 3 5 -7 10 -14 -10 -37 
9 10 3 -3 -6 -14 -9 19 25 -11 
5 3 19 10 -3 -1 -28 30 52 -25 
3 5 20 3 -7 20 39 -13 -18 -5 
1 9 81 -2 -3 3 -12 43 154 25 
1 4 871 -1 2 1 16 -19 -89 -3 
9 10 15 1 -9 3 13 29 43 31 
4 5 4 -3 -1 21 35 34 1 -7 
8 28 27 13 25 26 83 -48 -54 -15 
12 22 90 30 40 25 -17 -7 -82 -19 
20 28 37 -21 -26 -6 24 26 51 -61 
20 28 36 0 -23 15 -25 34 18 -93 
2 1 7 -1 4 7 44 19 33 -21 
1 7 96 3 -3 -4 11 47 -40 -1 
8 11 19 -13 -5 1 0 -3 -19 23 
4 1 13 -9 10 6 28 18 7 23 
13 123 517 13 67 -30 60 -46 -269 -294 
27 107 287 -10 -15 5 -196 225 185 -306 
29 119 123 109 59 -138 -187 30 138 -174 
34 141 167 -86 -75 24 159 121 238 -156 
1 1 4 4 9 -1 11 -2 -5 -6 
1 1 4 -3 11 3 14 3 1 -10 
1 4 1 -3 -1 8 8 12 1 2 
1 1 70 2 4 1 6 -10 -29 -2 
1 1 44 0 -8 -17 -41 24 -32 -16 
5 4 11 -5 -11 -14 -25 -37 -21 -26 
2 4 125 -7 -20 2 -21 -34 13 12 
1 10 24 -1 -14 -21 -18 -7 -27 -24 
1 2 11 2 12 5 43 -25 4 12 
3 5 8 2 -18 21 4 19 6 -12 
1 8 19 6 2 -10 -29 4 50 -14 
3 8 4 9 22 9 19 -20 -16 10 
1 4 29 -7 -15 16 12 4 -27 -8 
3 4 25 -10 -12 8 20 16 -31 -30 
6 9 23 -6 -13 -2 -10 0 -4 -22 
2 7 1 -9 -3 -8 19 18 60 -12 
1 2 29 8 0 21 -10 -111 -25 26 
2 8 16 6 -9 -15 17 -24 -128 -48 
3 12 9 3 -11 -16 48 -30 -100 -30 
2 16 11 -3 -25 -16 24 -12 -80 -30 
1 12 63 -2 5 25 -21 17 -67 40 
11 1 27 10 4 31 -17 18 -27 -46 
8 1 27 0 20 25 -13 21 -32 16 
3 11 32 0 -17 15 13 8 88 28 
1 15 14 11 30 -2 23 26 -34 0 
2 14 36 -1 1 -10 -24 42 99 -18 
9 17 16 9 15 -6 5 -11 -10 -42 
2 4 129 0 12 3 41 -69 -41 -30 
1 29 53 10 9 2 -34 3 -35 -10 
4 9 17 0 -16 36 12 23 -2 -18 
8 9 25 4 12 15 24 -20 -35 -22 
9 11 25 15 19 13 12 -30 -20 -18 
1 50 23 -11 7 57 -5 78 60 -23 
8 16 121 17 29 12 15 -61 -102 -39 
2 38 62 -10 -19 43 64 64 68 -5 
5 16 88 16 58 -11 13 12 -94 -45 
1 4 152 -3 -5 1 6 82 79 -14 
5 1 13 -16 -11 18 6 36 0 -12 
7 9 2 -18 -1 9 -6 30 13 -18 
2 11 24 -4 -1 -4 -5 35 53 -14 
1 3 10 4 5 1 -8 3 22 0 
2 5 7 9 3 -1 -1 -3 0 -6 
1 5 9 4 4 7 8 0 -13 -8 
5 3 4 7 -1 0 4 9 14 4 
1 1 3 0 0 1 2 -2 -1 -4 
1 1 1 0 2 1 5 -3 2 -2 
1 1 3 0 -1 -1 0 2 4 -4 
1 1 4 1 1 0 -2 1 0 -4 
1 6 92 14 16 3 64 15 63 -65 
3 20 72 -10 4 35 11 -6 -89 37 
2 22 85 -9 7 14 109 22 6 45 
10 12 27 35 -21 12 38 40 -31 -49 
2 69 112 6 -5 16 123 -44 -60 -103 
13 16 29 21 -28 -44 -44 49 105 -9 
29 41 42 25 -38 60 -32 -29 -15 -97 
4 16 27 14 -42 -5 -144 -31 -11 1 
2 1 36 -2 -6 19 13 0 21 3 
2 12 9 2 13 -2 40 3 -12 1 
2 3 76 2 20 1 16 -32 -28 5 
4 12 17 3 6 0 22 -12 -14 -9 
4 19 13 16 -12 2 46 55 -6 12 
6 14 19 19 0 -2 -53 40 4 30 
13 12 31 -7 32 -36 8 16 22 -4 
4 21 37 24 -12 -6 22 15 -36 32 
1 1 16 1 1 0 2 0 -3 1 
2 2 1 1 -4 0 3 5 -2 -3 
1 2 4 0 -1 0 5 4 -6 -3 
1 2 3 6 0 1 0 1 -1 3 
1 2 4 6 4 -1 -8 3 3 -3 
1 4 1 -1 -2 -2 -5 9 12 -9 
1 2 14 -3 -4 2 5 5 4 -5 
4 2 4 1 5 -5 -5 4 2 -7 
1 3 8 0 -7 11 8 12 9 7 
1 3 8 3 10 2 8 -11 -15 -1 
5 4 7 -9 1 4 10 0 1 -17 
1 11 6 1 4 -1 18 -7 -4 -15 
1 2 1 -2 2 2 3 6 4 3 
1 2 2 2 3 2 3 0 -5 -1 
1 2 3 1 1 0 3 -3 -1 -5 
1 2 3 -1 1 -1 0 5 5 -1 
1 4 1 3 9 2 11 5 -3 3 
1 4 2 9 2 4 -11 2 9 3 
1 4 16 0 -1 2 -3 4 -3 -13 
1 4 10 0 -2 -1 -4 6 13 -11 
1 3 30 2 -3 13 25 -5 9 1 
1 5 80 2 3 0 -16 1 12 -15 
5 5 5 6 -17 16 2 16 9 -15 
3 8 5 -5 -3 -3 3 15 25 1 
1 7 58 10 5 -17 0 1 105 -25 
3 10 63 7 12 -11 -28 19 21 -23 
2 25 59 -4 -7 2 27 8 48 -35 
3 5 31 8 -12 32 39 4 4 7 
1 16 27 9 22 -1 -11 7 -50 -9 
1 27 13 12 15 -4 13 -18 -45 -21 
2 3 359 -3 -5 2 27 9 -26 -45 
3 14 11 15 23 1 6 -14 -41 -11 
3 41 12 18 2 -31 -148 27 194 -17 
19 27 55 22 -15 44 16 -24 -53 -73 
4 3 17 31 -6 73 16 83 11 43 
15 16 49 -36 -8 21 10 75 18 -61 
1 11 9 24 28 -8 18 51 54 3 
2 3 49 0 1 6 -38 157 148 17 
1 27 40 14 9 6 37 5 41 -55 
16 6 25 28 13 45 1 25 -15 25 
2 17 63 0 -11 -29 22 -39 -93 11 
1 14 45 15 2 -1 -40 -3 -123 -19 
9 5 14 -3 -27 4 51 -24 -43 -15 
5 36 48 -2 -3 -24 -39 -9 -44 -11 
1 1 26 -5 -4 -4 -20 23 41 -47 
3 5 14 -5 2 -15 -26 -10 -37 9 
3 4 3 7 5 -4 26 -14 -11 -45 
6 3 8 -1 -2 -16 12 -7 45 3 
2 8 184 -1 -22 -14 -25 7 -110 -9 
2 37 36 -7 -2 -8 -28 -51 -105 5 
2 11 92 -14 -19 -8 -47 22 22 27 
3 12 2 7 -4 -30 -32 -23 -123 -23 
1 1 4 1 3 2 6 -4 -9 -1 
1 2 4 -2 -2 3 3 2 1 -5 
1 4 1 3 4 2 3 -1 -4 -1 
1 3 4 2 2 -1 -4 1 -1 -5 
3 18 22 32 21 18 -21 16 19 41 
6 14 52 -7 -10 5 23 5 42 -37 
3 31 44 4 -1 -4 -51 20 33 -39 
4 2 13 9 -2 -6 5 31 133 -5 
3 29 83 26 34 -29 16 24 119 -76 
1 21 161 6 61 -5 22 1 -75 32 
35 33 44 28 65 39 32 5 -56 14 
21 13 43 16 -13 17 75 -2 -24 -76 
4 6 8 10 -1 -7 10 -2 61 -13 
4 8 28 -5 -3 9 33 14 10 -21 
7 7 12 -15 7 20 3 26 18 3 
5 1 18 -7 -4 20 25 25 0 -3 
1 1 4 1 -1 -4 -5 3 12 -2 
1 2 4 2 -1 -3 -9 1 10 -4 
1 2 5 2 1 -7 -3 4 6 -2 
1 5 6 -1 0 -3 -1 -2 4 -8 
1 1 56 -3 -2 2 2 45 11 -8 
1 1 34 -2 -7 5 7 14 -1 -8 
4 7 9 5 -3 9 -2 -2 -7 -18 
1 4 25 5 8 4 -4 -10 -20 -2 
4 4 16 4 12 -7 10 -11 23 34 
2 14 32 -8 5 3 5 4 8 18 
7 8 17 4 2 6 3 -17 16 22 
5 4 5 3 -5 -5 -30 27 -5 18 
2 3 19 4 3 -1 -11 12 12 -12 
3 1 13 4 -9 11 7 3 -9 -6 
3 3 20 -1 2 2 6 3 -9 -18 
3 1 8 3 5 5 17 -12 7 2 
1 1 49 1 -5 3 7 -10 -5 -4 
1 4 2 3 8 3 10 0 -11 2 
2 7 6 -1 1 0 -4 4 0 -14 
1 2 2 8 2 -5 -10 2 13 4 
1 7 9 -1 -1 9 -6 3 7 -14 
1 1 14 -2 0 9 9 -3 2 -8 
3 4 11 -2 2 3 8 -9 6 -6 
1 8 10 -1 -1 8 -4 11 -3 -10 
3 12 125 12 37 10 2 -5 -103 8 
7 30 30 -8 -9 7 -17 33 32 -60 
12 27 32 7 -1 -2 -5 -8 9 -64 
3 13 102 -2 4 14 80 -36 -71 -44 
3 34 459 9 34 -8 -9 -33 -199 -98 
1 136 128 -16 -6 50 153 104 232 4 
3 113 121 2 7 31 306 -79 26 -76 
8 52 93 32 45 -29 -43 -3 -50 -84 
1 1 380 -2 4 8 -62 -31 -387 -8 
5 8 37 10 0 5 -22 68 -117 24 
5 4 24 -8 -41 23 -5 -29 67 36 
4 24 37 -13 21 -38 0 10 48 -18 
1 1 5 -1 0 3 9 -5 1 -4 
1 2 7 2 3 0 -1 -3 -4 -6 
1 1 8 1 -5 4 2 4 -2 -6 
1 2 4 -3 -1 5 3 4 -2 -8 
1 1 8 1 -2 4 6 -2 1 -2 
3 4 4 1 4 3 -3 4 -4 -8 
1 1 10 3 4 -1 -3 1 3 -2 
1 3 4 -1 1 -1 4 8 12 4 
1 1 4 1 1 -2 1 3 12 -1 
1 2 5 -1 -2 1 3 3 2 -5 
1 1 5 -3 -1 3 3 4 4 -3 
1 2 1 0 1 -2 -3 4 10 -1 
1 2 1 0 4 0 7 -3 -1 -7 
1 2 4 -1 1 1 6 -3 -1 -7 
1 3 1 1 1 -4 -6 3 7 -1 
1 2 3 4 4 -5 0 -1 2 -7 
1 5 15 4 23 18 8 -14 6 -45 
5 15 27 10 18 2 8 -7 1 17 
5 3 36 -8 -1 3 38 -3 21 27 
2 12 19 4 5 9 -20 17 66 -41 
2 9 69 20 31 -6 -40 -1 -5 -21 
1 17 44 -15 -5 26 19 74 43 13 
10 11 3 1 44 3 62 -32 18 -21 
8 23 21 -23 -14 -4 34 44 71 -9 
1 22 115 -1 8 23 23 -21 16 18 
1 10 94 18 -7 -16 13 -7 24 -6 
1 38 55 4 9 -18 -33 -21 34 34 
5 10 9 21 -5 5 -8 -48 39 4 
3 18 17 7 6 -1 1 -11 -8 -28 
1 3 12 -7 -4 14 4 43 8 -6 
9 9 17 0 11 2 -1 7 -16 -32 
4 6 27 4 8 7 16 -20 -33 -16 
1 11 15 6 46 4 92 -53 -24 9 
1 17 85 29 24 20 -65 -18 26 -11 
1 28 305 -1 -13 24 85 16 25 -41 
12 22 25 0 25 15 58 -25 -46 -61 
1 29 46 21 35 -1 33 -1 -79 13 
3 53 53 6 16 17 110 -38 -5 -53 
3 6 118 1 3 -5 -11 237 346 -25 
1 69 58 -8 0 15 1 86 115 7 
1 6 462 0 -7 -3 -22 50 343 14 
1 6 172 1 12 10 49 -19 -2 -48 
1 18 110 2 3 15 120 -14 107 -34 
8 8 57 9 31 1 26 -10 -50 28 
1 4 17 2 6 -3 -22 5 15 -12 
4 1 3 0 8 -13 -6 17 15 2 
2 1 4 -5 2 -5 -2 21 -31 -8 
2 1 5 -7 1 -4 2 -4 -31 -2 
91 44 247 -75 782 102 1299 253 -1190 -875 
37 403 2374 -27 -22 -106 -519 655 1668 -951 
181 288 499 43 404 -4 859 -957 222 -1125 
245 360 496 -162 363 84 315 112 -580 -1297 
1 4 101 -2 -7 7 17 14 18 -7 
1 2 20 4 1 -5 -5 30 86 1 
1 5 28 7 4 -9 2 6 57 -15 
2 11 5 -9 2 12 -12 25 19 -19 
1 10 36 32 28 -18 -33 24 9 11 
1 4 324 8 20 -5 -34 23 43 -15 
4 19 25 0 -1 -21 30 36 109 -7 
4 23 22 4 0 -27 50 27 111 -5 
3 6 121 3 15 8 37 -96 -110 -13 
11 17 28 9 21 -10 -52 30 23 -31 
8 9 53 2 1 13 30 -16 -67 -47 
8 17 40 7 7 -22 8 -7 18 -65 
1 8 170 -8 -14 65 91 94 -49 -57 
13 16 104 -6 18 -21 -28 139 161 -35 
10 34 102 21 27 26 35 -74 -120 -51 
36 39 43 12 27 -53 33 -28 36 -135 
1 7 23 23 -4 -26 -21 -17 -85 58 
1 4 7 7 -8 -23 -19 -11 -137 -72 
10 11 35 15 -17 -31 4 -21 -75 12 
5 17 23 -35 -38 24 -26 7 -36 48 
1 4 11 6 -6 2 5 21 9 4 
3 2 11 -1 0 3 0 -13 30 2 
4 7 11 -5 -4 1 -8 -2 -3 16 
1 13 3 3 -4 2 -11 -7 23 10 
3 49 8887 16 95 -16 -180 -272 -928 -284 
13 83 145 28 222 -10 408 -130 -403 -252 
51 24 263 0 158 76 345 -278 -397 -190 
55 54 293 101 128 -171 -72 243 507 -12 
1 3 52 1 -1 2 19 22 -20 1 
2 4 7 -1 -4 0 26 10 -15 -3 
1 5 28 5 -2 2 -2 21 17 1 
2 13 13 1 -2 -4 9 7 2 3 
1 1 4 2 1 -7 5 14 112 1 
1 4 28 0 12 -1 29 -32 -45 -17 
4 1 25 10 7 -5 -11 -10 26 -31 
2 2 170 -2 7 -1 2 14 31 -33 
1 2 1 1 7 -2 -11 -8 -6 19 
1 1 4 10 0 5 -3 -1 -20 -1 
1 4 7 -5 6 2 -12 -15 -5 -3 
1 2 6 0 6 -2 -15 -17 -13 9 
1 4 7 6 11 -7 4 4 -25 -21 
1 4 3 0 -5 -13 -7 -20 -4 9 
2 4 1 -11 1 4 6 18 1 -15 
2 4 16 -5 -9 -2 -6 3 5 -17 
1 1 2 1 0 -2 -3 6 13 -2 
1 1 21 -1 1 0 1 4 0 -8 
1 2 5 -1 -3 1 0 6 6 -6 
3 3 3 3 2 4 0 0 -5 -6 
2 6 210 6 43 -9 40 -8 -85 -9 
4 36 44 -5 -13 28 134 29 97 -3 
12 12 20 2 38 -9 61 -25 -2 15 
8 4 46 12 8 43 53 1 -2 67 
1 1 1 -3 -2 3 2 4 1 0 
1 1 2 1 1 -1 -3 3 6 -2 
2 1 1 3 -1 0 -3 3 4 -4 
1 3 2 -2 1 1 5 4 6 2 
1 1 23 -2 -3 1 2 15 8 -6 
1 1 8 1 4 2 11 -12 4 2 
2 1 4 0 -1 6 9 -4 -4 -4 
1 7 8 -1 -2 2 12 -3 9 -8 
1 20 118 -13 42 -2 -48 137 -213 79 
4 8 127 -28 -67 5 79 110 -122 -5 
1 64 64 -16 -4 -13 -199 -122 -113 29 
2 9 780 -13 -27 6 -126 74 -107 -17 
1 5 2 0 -1 -5 -4 14 37 -5 
4 4 8 -5 -1 5 11 -4 0 -15 
1 10 12 4 2 -1 -26 5 11 -9 
1 8 15 -1 -3 0 -4 10 19 -15 
9 1 65 -52 6 1 9 102 -586 15 
59 77 77 65 -54 39 -72 -1 40 -235 
41 32 131 -39 -13 67 86 4 -88 -199 
15 36 164 101 58 63 -142 28 111 -13 
2 103 848 11 53 -19 53 -42 -319 -43 
16 5 373 24 -5 78 172 -45 -56 153 
13 19 82 -8 183 -18 154 17 -134 99 
10 37 430 -7 -20 91 151 3 -133 -41 
1 3 4 -1 -4 5 -2 10 3 -11 
1 2 13 -2 -1 3 7 0 -2 -9 
2 5 1 -3 4 4 6 9 7 9 
1 4 7 -1 -1 -2 0 6 11 -7 
1 1 4 -2 -1 1 1 4 2 -5 
1 1 2 1 -1 -2 -2 2 7 -5 
1 3 2 -3 -1 0 4 4 5 1 
1 1 6 1 2 -1 -2 2 -1 -5 
1 1 2 -2 -2 -3 -2 3 7 1 
1 2 3 2 3 -1 -4 -3 -4 3 
1 2 4 -2 -4 1 2 3 -5 -1 
1 2 6 0 -2 -1 -2 -1 -5 -5 
1 1 113 -1 -8 2 7 7 9 -10 
5 3 4 7 10 8 13 -8 -15 4 
1 3 25 0 -4 7 17 -5 0 -6 
2 5 3 2 13 0 13 5 -14 -10 
4 6 22 -2 15 11 60 -21 -43 -31 
1 4 30 -9 -2 21 8 71 9 -13 
8 4 37 -25 -9 25 29 19 5 -29 
8 11 50 1 16 -19 0 31 41 -27 
1 1 1 0 -1 2 -1 9 8 6 
1 2 1 4 -3 -1 -3 -1 7 4 
1 1 1 1 1 -1 1 -6 15 0 
1 2 4 -1 4 2 4 2 3 -8 
1 3 13 -1 0 -1 -3 8 12 -12 
1 1 26 1 3 2 8 -26 -19 0 
1 5 8 -1 0 -4 2 6 13 -10 
4 2 3 4 0 7 9 -6 -10 -4 
4 72 63 15 2 -5 127 39 57 -19 
19 36 42 17 -8 15 -6 35 25 25 
5 10 33 -22 52 52 53 22 4 -13 
5 25 45 -1 2 55 -90 56 -24 -49 
9 12 236 7 48 -6 65 -102 -187 -121 
6 24 138 -31 -19 10 -39 150 85 -89 
13 22 125 33 25 -6 -95 81 17 -93 
10 56 16 7 35 6 209 -79 52 -29 
1 1 83 1 -2 0 -7 14 26 -15 
3 5 9 -7 -2 1 10 6 11 -7 
1 4 32 -1 1 -1 7 -1 4 -15 
1 1 123 -1 2 0 4 4 -2 -15 
2 7 10 7 7 -4 -4 -3 -4 -13 
3 7 5 1 -3 -5 -7 9 19 -13 
4 2 8 6 -10 15 9 3 -5 -9 
5 5 8 5 4 9 8 -5 -14 -11 
1 2 53 1 -6 3 -2 -11 2 -18 
1 1 25 0 4 1 9 -42 -22 -4 
2 5 5 2 11 -4 -1 5 -12 -18 
1 3 11 1 7 2 4 -2 -13 -18 
1 1 8 2 2 0 -3 -2 0 -6 
1 2 4 2 3 0 -1 -2 -4 -4 
1 3 2 -2 0 -1 0 4 5 -4 
1 2 3 4 2 1 -6 2 2 -2 
1 1 1 0 0 4 -3 9 -1 0 
1 1 4 0 0 4 5 4 0 -8 
1 1 6 0 -1 3 3 2 7 -6 
1 1 17 1 -1 0 0 13 12 0 
1 1 1 4 4 -5 -3 0 -5 -10 
1 2 3 -4 -4 -2 -1 4 4 -2 
1 2 7 -1 -3 1 3 -1 -8 -4 
1 1 16 -1 0 0 2 -9 -10 -4 
1 1 5 5 0 -3 -5 3 23 -8 
2 3 4 2 7 2 9 -8 -7 -6 
2 3 7 -5 -2 5 1 11 1 -12 
1 5 25 1 1 1 -10 6 -4 -14 
1 5 23 18 49 8 44 100 -113 -272 
19 11 67 17 -79 -22 91 -114 -226 -30 
5 43 223 -27 -25 -14 -193 -79 150 -18 
1 13 7 23 2 -24 20 31 -260 -210 
19 288 41 20 -315 1 370 38 972 157 
146 185 313 -330 325 240 301 -35 256 -69 
55 8 869 72 184 -210 644 -91 346 -299 
153 191 313 -117 129 209 83 -275 588 -107 
1 31 1114 2 2 -7 -97 48 257 -95 
9 11 218 9 12 -20 -26 68 163 -65 
7 12 39 -17 -42 57 14 99 11 -49 
9 29 5 24 72 20 107 -38 2 17 
4 3 85 1 -50 43 22 140 14 -1 
6 11 327 -2 -35 24 74 -33 56 -33 
11 3 17 -2 51 21 122 -53 56 -13 
9 34 50 -29 11 7 32 115 105 7 
1 22 561 5 38 -3 62 -68 -292 -35 
25 36 2 -49 18 21 46 76 67 37 
3 17 97 2 30 25 203 -66 130 37 
21 39 46 35 20 26 94 -76 19 -43 
1 31 425 2 10 11 173 -110 -300 -87 
29 28 41 -11 28 -53 -35 64 63 -25 
25 36 38 50 67 66 33 -9 -104 -5 
9 15 99 34 31 -3 -86 -6 64 -31 
2 13 8 -3 -1 -6 -3 12 23 -12 
1 13 14 -4 -7 11 19 12 22 -2 
3 4 7 13 -3 22 9 24 10 20 
4 1 18 11 5 -3 -6 0 20 -16 
1 9 6 8 17 -5 8 11 -15 -6 
5 7 8 7 5 10 20 -16 4 -2 
1 9 7 -7 4 13 -3 24 6 -18 
4 7 8 7 13 -3 2 -4 -8 -18 
1 1 102 -3 5 5 4 -15 -17 2 
1 1 150 2 5 5 3 -16 -34 10 
5 6 18 6 -2 6 2 17 -9 -4 
3 11 11 2 1 -7 12 15 -2 -4 
1 4 6 -4 -3 1 7 11 10 -3 
2 5 6 2 9 1 -2 7 -10 -7 
3 5 5 5 -2 5 -8 2 0 -17 
1 4 10 2 2 -4 -13 3 8 -5 
1 1 3 8 8 20 3 28 3 17 
1 12 18 0 1 -9 -11 15 48 -9 
1 4 50 -1 -10 6 5 26 15 -15 
1 2 192 0 -1 2 13 -30 -31 -19 
1 1 4 -6 -1 14 8 32 1 5 
1 10 3 1 0 -8 -1 12 67 -9 
1 6 62 -1 4 3 23 -18 -11 -21 
1 9 16 9 13 -3 -11 10 -5 -3 
8 17 33 -1 4 -8 2 2 8 -49 
9 18 22 20 4 4 -33 1 8 -43 
9 12 36 1 7 -13 -7 15 21 -41 
9 10 27 -8 -12 25 12 16 -18 -51 
5 11 30 13 5 -22 -5 10 46 -34 
1 2 845 -1 -9 5 34 -31 -37 -26 
6 5 47 6 -26 23 18 17 13 -6 
10 7 19 -12 -18 38 43 -1 30 12 
1 4 53 1 4 5 40 -36 -18 -5 
2 5 21 13 9 -12 -5 -7 22 -25 
5 5 35 -1 0 1 0 4 -3 -29 
3 1 29 -4 -12 14 20 0 17 5 
3 6 8 -8 0 3 1 10 4 -14 
1 2 36 1 0 4 19 -18 -30 -6 
3 8 9 -2 1 0 -3 3 0 -18 
4 1 7 -4 3 5 16 -13 1 -12 
1 2 15 5 10 3 19 -17 16 -18 
3 5 11 11 2 -3 -1 2 16 6 
1 9 8 6 0 1 -15 16 24 -10 
1 8 10 -1 0 8 -16 22 13 -4 
1 2 20 5 6 -2 -21 -8 -12 2 
1 5 1 -3 11 -2 18 -11 -22 10 
3 4 3 4 17 -9 -8 -3 -10 -22 
1 4 16 -6 3 -8 -28 -2 -5 2 
1 1 42 -1 -13 15 11 43 -6 -14 
1 16 32 -4 -8 20 32 14 23 -8 
1 9 51 7 5 -6 -39 7 43 -14 
3 9 64 1 -5 6 0 0 -12 -36 
15 48 76 3 10 -35 -3 178 240 -33 
29 65 15 -81 37 51 56 122 79 -41 
20 45 109 22 18 92 116 -80 -102 -61 
27 43 64 31 -30 -29 -82 104 186 -89 
2 16 11 23 46 -18 17 4 -11 -42 
5 10 27 -11 -17 25 39 15 20 4 
9 16 30 0 -15 4 8 8 15 -34 
6 12 53 7 -4 8 33 -30 13 -30 
1 32 63 34 28 -16 -72 7 -3 -10 
3 17 83 20 59 2 5 8 -101 -6 
2 11 102 3 17 16 177 -92 -89 6 
8 25 3 -19 35 15 10 110 81 38 
1 9 608 -7 -25 6 15 259 118 -40 
4 9 17 -15 -50 66 8 88 -2 58 
8 16 81 -3 13 16 72 -91 6 -82 
9 38 16 11 5 41 127 -52 8 -36 
5 28 31 -9 -58 104 -7 215 47 -100 
36 53 71 -28 4 -56 10 103 141 -82 
19 49 96 12 -82 117 83 48 40 -54 
17 9 225 5 -54 69 135 -61 -5 -16 
1 5 18 28 24 -13 -10 -8 9 -22 
1 7 312 1 0 2 -12 3 -40 -38 
3 13 11 0 4 -13 -27 28 61 -8 
1 13 25 14 19 8 -10 7 -21 12 
1 5 35 -2 -8 4 6 23 25 -11 
1 1 245 -2 -4 1 5 57 25 -15 
1 14 13 5 6 5 10 -14 -18 -9 
6 5 2 -1 6 -9 -3 15 19 3 
1 80 143 -41 38 4 0 31 211 -39 
16 1 106 48 -60 51 -74 153 142 53 
14 12 1 7 37 -6 77 268 -290 83 
20 67 21 30 -2 23 -22 53 -181 115 
1 4 37 -9 -13 -31 -25 45 41 57 
2 5 37 -21 -26 -9 -28 67 11 67 
2 3 1 1 45 -11 -29 19 48 99 
7 26 5 -23 -22 3 30 -35 -43 23 
4 5 1 -3 12 -37 46 -29 -127 1 
9 8 31 -16 8 -41 -46 -31 -10 -27 
17 7 17 -20 60 6 -53 20 -20 -27 
11 5 17 16 44 15 -17 28 30 109 
1 1 2 0 3 5 -7 2 -8 5 
1 2 4 0 -4 3 -6 1 1 9 
1 2 7 0 -3 -1 -2 -13 6 7 
1 4 2 2 -1 3 0 -6 5 7 
1 1 76 -1 -6 0 6 -8 -25 -8 
3 4 11 -2 -2 -3 -2 -3 -6 -8 
2 1 5 1 -7 3 13 -10 -1 4 
2 2 1 -6 -2 -1 -2 6 19 -2 
3 4 19 0 4 4 -16 16 -11 0 
1 6 16 -3 13 5 9 8 20 -2 
4 9 11 0 0 -11 4 -6 2 12 
6 3 1 5 13 11 15 12 9 -6 
1 5 13 -1 -6 7 6 8 7 -8 
1 3 2 3 13 3 16 7 -5 10 
1 8 19 -1 0 1 7 -1 -2 -16 
1 11 10 1 0 -3 -15 5 13 -14 
1 1 100 -1 -3 4 68 8 -80 4 
1 7 26 15 16 10 22 3 10 50 
5 13 32 6 6 16 8 -11 22 -8 
1 4 53 5 13 13 29 -15 10 2 
1 5 163 7 29 1 -8 15 1 -24 
16 5 20 -12 12 8 50 -19 28 -34 
1 29 46 -1 -4 22 64 30 1 -28 
5 10 13 36 -2 25 -6 -5 44 16 
1 11 37 -50 -4 -2 -161 -111 65 -358 
16 8 337 -8 -16 -71 -257 -191 103 16 
21 100 32 1 -62 -126 61 -64 -264 -106 
5 2 52 34 -15 -54 279 -88 -800 -76 
4 94 3 22 129 53 724 -162 -11 46 
34 220 66 94 105 107 221 -131 -275 -162 
89 16 150 135 -160 246 215 -25 56 80 
94 74 152 -2 -33 -143 -15 161 263 -218 
1 8 5 12 -19 -13 37 -20 14 -71 
4 10 29 -20 -26 -7 -30 -11 -13 19 
7 4 37 -2 9 -19 -37 -36 -8 7 
3 4 23 1 -15 -18 34 -3 -63 -39 
1 3 26 2 -2 13 9 6 8 -8 
7 6 11 -9 -1 3 8 -3 15 -10 
1 9 22 1 2 -2 -2 2 45 -10 
2 3 8 -5 1 14 3 18 -11 -8 
1 7 31 -7 -7 17 14 31 11 -16 
4 3 9 15 -18 26 7 36 6 0 
8 7 16 20 12 -12 -7 -13 11 -38 
2 12 41 -9 -2 8 12 30 11 -24 
1 2 2 -2 0 0 3 13 11 3 
3 2 4 3 0 6 5 -3 -8 -5 
2 4 2 -3 -1 -2 6 6 9 1 
1 4 8 1 0 2 0 -1 -5 -9 
1 7 46 1 8 -30 -112 21 103 -153 
12 16 37 25 -26 -29 -112 -50 -48 11 
11 37 98 -25 -45 -22 -32 34 -25 5 
16 14 27 52 -8 33 -44 -91 -49 83 
1 26 49 -5 61 2 -415 -94 86 -123 
9 10 141 63 12 96 -37 -199 -182 175 
5 29 414 -29 -44 12 -67 -387 -270 -39 
16 4 641 -9 -50 -30 -124 -338 -289 -87 
3 9 4 -1 4 21 48 -29 16 -4 
5 7 23 5 7 17 24 -44 -8 12 
7 2 6 -13 0 -9 4 6 -55 -12 
3 11 36 1 10 -3 -29 0 -12 -36 
1 32 117 -2 11 0 -32 -30 87 8 
2 17 4 7 27 21 -19 24 40 -42 
6 9 43 -2 21 3 -3 -21 95 -2 
1 76 81 2 1 1 -7 -11 109 22 
1 3 24 -15 122 23 -35 -111 69 -202 
3 15 74 -42 -56 -55 -49 127 2 72 
8 9 81 -49 -19 1 -101 -38 259 50 
3 6 121 -32 -5 55 -57 -158 76 -98 
1 3 17 101 -12 39 -52 8 -137 16 
9 37 60 -42 -26 8 -77 -136 -56 -76 
13 13 144 3 -13 -45 -121 -123 -108 30 
9 7 64 8 -73 -15 89 -16 -240 -114 
1 4 3 -3 1 1 -2 6 3 -6 
1 2 6 -2 -1 0 1 7 6 -4 
1 4 6 1 0 -4 4 -2 9 -10 
2 3 3 1 0 -4 1 0 5 -8 
1 29 18 3 8 7 47 -11 -61 -22 
1 6 19 9 1 -17 6 8 97 2 
3 12 17 13 22 11 5 -23 -38 -4 
1 32 69 -2 0 0 16 -3 5 -40 
1 4 117 -3 -1 9 26 -81 13 -42 
1 16 8 2 20 -15 26 -16 -63 30 
3 2 122 -12 -28 12 7 -1 -14 10 
1 9 8 23 17 -14 -14 2 -51 0 
1 3 7 -2 2 6 -1 21 10 0 
1 7 19 -1 -2 6 13 -3 11 -6 
1 3 9 -3 -2 4 -1 21 9 0 
3 5 9 2 1 2 9 -6 6 -14 
21 40 44 178 40 -63 180 43 301 87 
52 14 49 216 -26 63 -121 35 266 -257 
38 50 247 81 78 13 -185 122 60 -113 
29 116 112 65 -20 -14 -202 37 179 -261 
4 121 825 96 221 29 -130 26 -601 43 
5 56 7845 19 48 -40 -431 345 1958 -323 
5 28 127 -81 49 332 50 604 -9 -285 
63 126 524 8 -167 6 -31 154 426 -511 
1 2 17 0 -4 13 7 11 6 10 
5 1 14 8 5 11 12 -1 9 20 
3 4 17 7 7 -1 1 -11 -2 -10 
3 5 8 -1 -5 10 11 8 10 -6 
1 14 17 17 15 -13 -14 -5 -5 -20 
1 14 35 2 2 -14 -17 20 96 -10 
2 9 36 12 13 2 -26 6 -3 -4 
11 1 16 -14 10 19 29 -1 -28 -42 
1 16 49 2 2 5 57 -9 -106 -28 
1 4 57 5 22 -4 19 -1 -71 -40 
9 13 17 -1 11 4 -10 -5 -16 -30 
3 12 28 -5 1 8 20 -23 -7 -36 
1 17 17 3 23 7 157 -37 36 4 
1 9 652 3 4 -6 -74 74 313 -44 
1 69 36 -9 -2 7 64 66 159 10 
4 16 27 -12 8 1 7 112 108 6 
1 7 95 13 -10 -5 4 68 29 6 
1 3 59 4 5 12 73 26 29 -50 
6 8 19 1 -30 -2 -7 -4 67 42 
1 11 254 -3 13 8 -20 -30 79 -14 
2 16 1 -2 -11 -9 70 -20 -30 -68 
5 8 31 -21 -15 9 -52 -24 23 0 
3 23 8 -10 35 -9 -25 -28 -32 12 
6 3 2 -25 -5 -12 23 4 71 18 
2 1 1 8 -1 0 -8 4 17 -8 
1 3 27 1 4 -2 1 -4 -3 -14 
3 3 1 5 0 -9 3 4 12 -2 
2 1 7 3 -1 -3 -3 8 21 -8 
1 1 10 4 3 -5 -4 3 21 -2 
4 4 4 3 0 4 4 -7 -3 -12 
1 4 4 8 8 -2 -3 -4 -4 -10 
1 9 10 -2 -4 3 12 1 9 -8 
1 4 37 3 0 0 -8 -5 20 2 
2 3 11 -1 -1 4 11 17 -8 -6 
2 4 6 -3 0 4 0 21 -11 -4 
1 8 2 -2 -1 4 0 5 31 10 
2 1 7 -4 -9 -10 -5 8 4 -16 
1 2 21 5 -1 -5 -12 3 -9 -4 
2 2 25 0 -3 -1 0 -21 -26 -10 
2 1 9 2 -1 -10 -16 -2 -5 -12 
6 7 32 -11 13 -28 -36 60 20 -146 
1 37 224 0 -14 -47 -18 -67 -220 -20 
18 17 11 3 -42 4 69 -100 -56 -20 
9 16 54 -6 -39 -56 -48 32 1 -86 
1 1 1 0 1 1 3 2 2 -2 
1 1 1 -1 -1 0 -3 0 4 2 
1 1 1 2 -1 1 2 1 3 -4 
1 2 1 1 0 1 -3 1 3 0 
1 2 7 2 2 -4 0 4 6 -5 
1 2 5 -2 -3 4 7 3 5 -1 
2 2 5 3 3 -4 0 1 4 -5 
1 2 7 3 4 -1 -2 3 -4 -3 
2 12 11 18 26 -7 0 -7 -16 -19 
10 10 17 0 -1 7 12 -12 -5 -33 
13 10 14 3 12 -16 -6 11 9 -29 
4 11 23 7 15 6 11 -12 -38 -17 
1 72 368 10 5 -38 -263 45 599 -77 
13 64 52 -3 17 42 245 -87 89 -73 
8 20 315 -19 -23 37 95 21 -20 -113 
23 32 142 -5 -14 16 61 -78 21 -127 
22 13 546 31 -159 97 116 177 13 -25 
18 125 11 -11 -12 -96 204 211 544 43 
40 80 159 -15 -160 169 180 90 179 9 
33 8 168 -8 39 88 317 -223 161 -1 
5 15 25 3 154 17 408 50 -120 13 
4 22 8361 10 59 3 -98 -338 -784 -209 
33 70 158 33 49 99 237 -174 -209 -99 
5 25 75 118 19 82 126 17 602 -17 
4 53 1051 52 11 -89 -412 233 3606 -135 
12 544 850 16 -1 -127 -463 121 786 -519 
20 291 594 -1 -21 -222 397 318 1625 -239 
4 199 9158 -4 3 -17 146 69 716 -575 
1 1 6 -2 -2 5 6 0 -3 4 
1 3 5 1 1 -1 3 4 7 -8 
1 2 9 1 -2 4 -1 3 7 -8 
1 2 13 -1 -1 2 7 -1 1 0 
1 4 14 0 1 4 20 -11 -5 -10 
5 4 2 1 7 -8 -12 11 15 0 
3 4 5 2 2 -8 -4 8 13 -6 
2 3 4 -3 -7 -1 1 20 20 -8 
1 4 4 6 3 -3 -13 3 10 -22 
1 5 6 4 8 -6 -14 -3 -18 -6 
2 3 25 -1 2 -1 -5 -15 -7 -16 
2 4 8 5 1 -10 5 4 8 -24 
2 7 25 3 13 4 23 -15 -45 -12 
3 8 18 -2 -8 -4 -4 30 49 -22 
4 5 50 4 4 -4 -8 1 14 -30 
8 7 9 -4 8 -10 3 27 30 2 
1 1 17 -1 -4 8 12 2 -9 -9 
1 3 18 1 8 0 7 0 -24 -11 
1 10 3 -4 1 2 -11 13 13 -11 
1 3 13 1 3 4 17 -10 -21 -5 
1 1 184 -2 0 -8 -79 -64 152 4 
1 13 4 -13 -2 27 -2 -48 -17 0 
7 3 23 24 -19 -26 -31 -18 -7 28 
3 1 140 0 -23 -11 -21 -14 -69 -22 
1 36 93 -19 -37 -8 -20 -43 -132 -28 
1 2 4 -6 -44 -35 1 8 -36 -156 
3 43 13 5 -25 -67 54 18 -72 -96 
27 33 16 -36 2 -23 -17 -64 -56 16 
1 4 23 1 5 -5 10 -7 20 9 
5 7 9 5 6 9 -11 9 -6 -3 
2 4 11 0 -2 3 -11 12 -5 19 
1 5 11 1 -2 3 -25 17 -11 -9 
1 2 253 1 0 5 -12 77 144 5 
3 1 73 -8 3 13 1 -10 -7 11 
2 3 27 12 19 -12 28 0 9 -23 
3 1 20 13 10 2 27 -8 20 -29 
1 5 27 26 -1 17 -35 7 57 -1 
9 19 11 24 33 19 1 -29 -38 5 
12 10 35 19 -6 8 -6 -38 -20 -57 
6 19 49 -2 -6 2 4 -6 -23 -41 
1 2 13 2 -10 23 9 27 2 -1 
4 2 53 1 -7 9 20 -22 -18 -13 
4 8 17 22 9 9 -22 -10 7 -23 
4 16 25 6 -2 5 6 -15 5 -33 
2 6 93 4 17 -1 34 -27 -7 -45 
8 15 24 8 21 -4 -1 -3 -20 -11 
6 10 20 6 19 -9 -13 12 29 -35 
11 20 3 -5 -2 -8 -23 6 40 -23 
6 11 19 2 -3 20 24 -9 -5 10 
6 11 9 -1 4 -1 -10 40 21 -6 
7 3 26 -10 6 7 35 -20 29 -4 
11 3 23 -12 7 7 23 -10 -28 -12 
5 151 2788 -61 167 -101 334 44 -435 -118 
21 450 433 -4 -9 213 -1122 373 -589 -214 
112 44 350 -119 -129 327 -414 195 -5 542 
6 86 1113 59 130 -187 413 -432 356 462 
18 134 234 14 -5 165 410 -111 -330 -178 
49 87 232 14 21 -69 -89 102 155 -270 
28 40 328 -18 -193 125 132 245 196 6 
58 11 64 63 200 79 303 -196 40 232 
2 8 7 8 18 -7 2 14 -15 -9 
1 1 4 1 12 2 23 -14 0 5 
2 11 2 -1 -2 -10 15 11 29 -1 
3 7 8 -10 -2 8 7 10 4 -13 
1 1 28 0 6 -1 15 -8 -8 -6 
1 4 13 -3 -1 8 -4 5 6 -6 
2 5 10 0 -1 10 8 -2 9 0 
2 5 7 4 5 -2 1 0 15 -6 
1 4 67 1 -4 8 28 -19 -16 -6 
1 2 169 1 7 1 12 -49 -65 -16 
2 17 7 1 -2 -16 36 12 48 -2 
1 16 32 2 2 -8 -8 -3 17 -26 
3 8 7 6 -19 -5 -29 4 -2 -8 
1 3 95 -6 -6 3 -7 32 23 -10 
4 7 4 9 3 4 8 -16 -36 -18 
5 11 12 -3 -18 4 16 -9 2 -16 
1 4 1088 1 1 -1 -31 64 112 -48 
8 16 8 -19 0 0 8 45 37 0 
9 7 38 1 8 10 30 -39 -21 -32 
5 16 67 3 -9 12 28 -28 8 -38 
7 10 132 -22 15 -38 27 -42 24 -5 
13 21 64 42 -32 21 78 -9 33 23 
12 9 143 21 -14 2 53 -43 -46 95 
7 28 27 64 7 51 71 74 22 41 
3 8 120 -36 -68 -6 -123 -48 71 -101 
31 47 48 -40 -64 -29 22 -11 -77 -45 
10 4 53 21 -77 54 18 -14 113 -175 
23 1 28 -101 21 28 98 -52 169 -35 
4 25 53 14 -62 31 -445 -51 75 39 
1 20 81 57 2 -120 69 -279 18 -91 
54 1 16 -66 33 93 213 -128 44 -173 
11 64 3 35 -95 -12 -255 -112 -12 49 
1 58 150 -58 -154 52 49 -90 -255 99 
1 90 833 12 -24 -87 -47 51 -1430 -169 
17 127 6 -83 150 38 -303 39 -30 -203 
12 23 1116 -38 -120 -25 -178 109 115 149 
1 1 2 -3 -2 2 -8 6 1 -8 
1 4 6 2 -1 0 12 -1 9 6 
1 2 8 2 -5 -4 -1 0 -4 12 
2 3 1 1 0 1 3 -5 6 8 
1 54 2136 -49 -1 -114 -2915 -312 12032 -357 
186 291 48 -275 -545 -182 568 -392 -517 109 
75 72 225 45 475 -172 -796 -704 -685 685 
60 252 57 -151 -478 -554 28 -306 -869 -1015 
6 36 228 -17 -65 -66 -60 34 -227 -71 
20 18 33 -22 28 -39 -165 -177 -172 -101 
60 32 2 -24 -70 -95 147 -65 -71 35 
9 5 1138 -13 -28 -16 -137 -335 558 43 
3 4 558 2 -34 -25 -5 1045 -710 3 
4 8 102 -46 -52 -163 -91 -35 50 67 
14 4 87 29 -20 -45 -116 -16 -174 -287 
9 49 184 -45 -87 48 56 -122 -73 -15 
1 14 11 0 2 2 27 10 47 -11 
1 2 46 4 11 -4 9 -1 -20 5 
3 11 15 2 2 -7 13 -8 -6 -3 
3 10 19 1 0 -1 8 7 -21 -7 
1 9 35 4 -7 -21 -21 -1 -65 -58 
1 1 78 -10 -7 -5 -3 52 108 38 
7 9 9 -17 -18 -33 -26 0 -33 -24 
3 7 42 -2 2 -7 -62 -60 -11 6 
1 6 21 -12 -25 22 -51 31 -22 -58 
1 22 119 -6 5 -12 39 27 -72 66 
1 22 81 -1 -11 37 -15 -9 108 48 
1 37 44 2 -1 -3 -38 37 -295 -18 
1 11 50 5 5 -12 -2 0 35 -25 
1 3 100 -2 -9 3 5 70 50 -15 
1 13 42 1 2 11 34 -12 -53 -19 
2 16 22 3 6 0 28 -21 7 -29 
1 8 15 2 7 0 7 0 -26 -12 
1 6 5 5 12 5 13 -11 -16 6 
3 3 8 1 3 -6 4 16 28 2 
5 4 9 6 -2 -7 0 -1 15 -22 
1 4 12 8 3 0 4 -2 -11 -6 
1 5 3 -1 -2 11 -4 12 17 2 
2 2 29 -1 0 6 1 6 0 -8 
1 5 36 -1 -1 -1 1 13 34 4 
1 1 10 1 3 -2 0 8 20 -3 
1 1 21 1 -2 2 8 -6 -1 -3 
1 2 17 3 3 1 -3 -2 -2 -3 
1 1 17 1 -2 4 5 -5 -1 -1 
1 6 31 3 -5 1 -3 10 27 1 
1 5 18 1 -1 1 -7 -7 55 1 
3 2 17 -6 2 9 2 1 -8 5 
2 1 9 3 6 12 8 8 -7 21 
1 10 5 1 9 1 39 -9 -47 -1 
5 5 1 2 16 8 20 -15 -20 1 
4 1 36 7 3 -3 -17 -6 25 -25 
7 7 3 -18 10 7 5 19 19 3 
1 2 4 5 4 -6 -1 0 4 -6 
1 1 8 -1 -4 3 2 5 0 -6 
1 3 8 -1 -1 0 3 0 4 -8 
1 3 6 1 4 -2 0 1 -5 -8 
1 1 2 2 8 0 8 5 0 6 
1 1 13 -1 -1 3 5 -4 5 -4 
1 2 1 0 -1 -1 2 8 16 -4 
3 1 4 -1 -2 6 2 -2 -3 -4 
1 17 184 13 -13 -33 278 -36 -1040 -130 
1 23 44 -21 -2 46 83 -184 -132 234 
24 83 87 -56 -84 -50 -52 -5 -117 54 
4 31 33 -4 40 -23 -193 -233 -560 28 
3 25 25 -5 -1 21 -9 23 24 -54 
3 2 36 12 2 24 9 64 -28 0 
6 12 25 17 16 0 -28 15 50 0 
3 25 48 -1 5 23 2 8 -32 -52 
2 5 27 7 71 5 79 -48 -89 30 
12 23 100 3 -8 -6 -2 -1 36 -94 
31 16 37 -18 -36 32 24 6 -5 -72 
12 14 39 4 -28 67 67 -8 -29 -40 
5 48 16 26 45 -20 -23 -20 -80 -30 
15 42 50 -19 8 -41 -40 27 31 -60 
7 1 45 -1 -28 53 103 -43 -49 10 
11 9 28 -3 9 -30 26 86 157 -36 
11 50 169 6 7 56 213 -118 -112 -82 
36 18 80 151 43 -14 -61 -64 108 -206 
20 13 95 53 25 -54 -31 81 265 -26 
32 50 45 48 32 -55 -170 94 173 -52 
1 10 14 -23 -21 -7 -23 -32 27 -47 
8 16 32 -11 -14 -32 -13 1 -13 7 
2 2 23 -11 -17 5 34 -87 4 29 
4 16 17 -11 -12 19 -8 -36 -53 -21 
1 1 186 -1 0 1 10 -11 -14 -21 
1 8 20 -2 -3 7 25 -6 10 -13 
4 3 4 2 5 -7 7 14 26 7 
2 4 18 -7 -1 6 8 12 3 -17 
1 1 44 0 -4 3 17 -20 2 -6 
1 1 7 -11 5 1 2 0 -24 6 
3 4 5 0 7 0 14 -11 -1 -22 
3 1 16 5 -3 7 12 -15 -1 0 
1 1 2 0 0 1 4 -4 1 -2 
1 1 2 3 1 -1 -1 -2 1 -6 
1 2 1 0 2 -1 3 -1 -2 -6 
1 2 1 0 0 -2 -1 2 2 -4 
1 1 1 0 3 -4 0 1 -1 -10 
1 1 1 -1 -1 0 5 -5 -3 0 
1 1 3 -1 -2 0 -3 -6 -5 2 
1 1 2 -2 0 1 -5 -7 0 2 
1 1 3 0 1 -1 0 1 5 -2 
1 1 5 -1 0 0 -1 3 1 -2 
1 1 3 1 1 0 1 1 -2 -4 
1 1 3 1 2 0 -2 2 3 -2 
1 5 8 1 0 2 -9 14 3 4 
1 1 7 1 1 10 -7 5 -10 6 
1 8 5 4 -3 0 -5 10 1 -4 
3 3 9 -2 3 -3 11 -2 6 0 
1 6 13 -13 -4 7 -32 -9 22 -28 
1 37 9 -3 4 -8 -68 -21 -21 2 
1 9 14 -5 1 12 -5 -49 -19 0 
3 3 23 -13 -6 -2 -17 -21 35 -14 
1 1 40 0 -6 3 4 29 11 -12 
1 5 20 4 7 -6 3 4 -6 -12 
2 7 4 1 -5 10 -6 10 11 -18 
1 2 87 0 6 -1 -1 -6 4 -12 
1 1 47 5 4 10 -12 -328 -47 26 
3 17 17 -1 -34 -28 49 9 -47 -32 
3 34 103 -2 -2 -20 -67 -45 -79 8 
16 33 23 -15 16 -27 -53 -40 -10 26 
1 1 3 4 1 1 -4 -1 3 -5 
1 2 3 2 3 -2 -3 2 -1 -3 
1 3 1 0 1 -2 -7 4 6 -3 
1 1 8 1 1 0 -4 4 2 -5 
1 1 1 1 0 -1 -1 7 8 -1 
1 1 7 0 -1 1 3 1 -2 -5 
1 1 5 1 1 3 4 -3 -3 -1 
1 2 1 0 2 -2 -2 4 6 -3 
1 1 1 -1 2 3 -5 -2 6 1 
1 1 3 -4 1 0 4 -1 -1 -5 
1 1 7 0 -3 1 0 -1 3 5 
1 1 4 2 1 -5 4 -2 4 -3 
1 1 1 -3 0 -2 -4 2 13 5 
2 1 3 0 3 -2 -5 -7 -2 -7 
1 1 11 0 1 -1 -9 -5 0 -5 
1 1 8 1 0 -2 -4 -7 -12 -5 
2 13 16 2 1 -2 5 0 -8 -20 
1 2 47 3 -7 9 8 28 9 -8 
3 2 23 -4 0 6 23 -16 12 -6 
3 11 8 -3 -2 -4 4 13 14 -12 
2 3 29 -2 5 17 96 -25 71 0 
5 9 46 -9 -10 -1 12 38 47 -22 
4 14 25 0 0 -17 4 24 64 -18 
4 4 121 3 -5 8 28 -60 -12 -14 
2 3 7 -10 -27 8 -36 -32 -30 10 
8 1 6 0 -17 13 42 -28 -24 2 
2 5 29 -11 -9 -6 -14 -64 67 12 
6 6 5 -8 -12 -13 8 12 -73 -2 
1 4 899 -4 -43 -4 -20 -40 -275 -20 
2 13 49 -3 -19 -42 -26 76 -11 10 
3 25 60 -13 -28 -30 -53 12 -36 -4 
12 19 1 -27 -60 -14 83 22 9 48 
5 7 72 -7 -22 20 31 11 13 -23 
3 59 19 -4 -3 -2 -65 30 59 -51 
7 9 112 16 16 9 -24 -23 -34 -37 
8 3 43 -11 -7 29 46 -5 -36 -45 
1 6 9 5 45 1 50 30 -29 5 
5 21 16 16 7 -31 -47 16 59 -13 
7 28 31 7 -2 21 29 -23 -21 -41 
9 7 12 0 -8 -15 13 58 89 -9 
3 5 169 -4 -10 2 9 132 166 -31 
11 12 59 7 0 -1 -4 0 50 -53 
7 7 70 3 -25 22 27 29 41 -19 
16 15 25 18 -13 -1 -29 19 44 -45 
1 3 7 -10 -19 18 16 106 21 -17 
3 28 47 8 12 -14 33 -31 -45 -53 
11 7 36 -7 -17 31 29 -33 15 -5 
1 17 4 8 33 10 37 -43 -57 -7 
1 5 40 1 -2 2 11 -52 11 19 
3 7 8 1 4 14 -1 -6 20 27 
5 1 12 4 -2 -12 10 -4 10 23 
3 4 9 0 4 -3 17 27 -3 29 
1 1 94 5 -15 -14 -16 43 27 9 
7 15 1 -23 -15 -2 13 -29 -11 1 
3 2 3 27 5 -21 -25 -8 -38 -9 
9 11 14 -9 15 -8 -12 -34 -24 1 
1 4 5 1 3 3 20 -8 6 -3 
2 5 5 5 5 -3 0 -5 -1 -11 
2 5 5 5 9 -7 0 3 -4 -11 
1 4 15 0 -2 5 4 3 -8 -13 
1 2 127 -1 -10 1 -4 74 60 -21 
2 4 25 -3 -6 2 -7 42 27 -21 
3 5 11 -2 -4 17 31 -8 12 -1 
3 6 11 15 10 1 -15 1 2 -7 
1 2 4 0 -5 3 5 -4 -6 -1 
1 2 1 -3 1 2 11 -6 6 1 
1 2 4 2 0 2 -5 2 -7 -13 
2 2 1 -1 -1 2 7 -6 -2 3 
1 1 4 -3 -5 -6 -7 2 16 17 
4 3 4 2 -6 -7 0 -5 -12 -5 
1 1 8 -3 -6 -10 -8 7 3 1 
2 2 12 -5 7 2 -9 -20 6 -7 
1 2 51 0 1 -2 -1 10 20 -12 
2 4 5 11 2 4 -12 -2 7 -12 
2 1 10 -3 -5 8 11 -2 5 -2 
1 4 15 3 3 -4 -8 2 8 -10 
2 29 100 -8 -9 13 37 30 40 -43 
1 9 242 -3 -14 18 42 49 7 -33 
12 16 25 7 13 -31 -20 30 50 -21 
10 27 30 29 35 18 -18 18 -37 -5 
2 4 533 -1 -6 0 6 315 179 -43 
1 9 10 33 20 9 -24 0 85 -21 
3 32 16 3 -11 52 -7 56 -4 -23 
18 28 16 7 -35 28 -46 42 47 -67 
11 11 72 32 -145 -188 -61 237 39 229 
5 45 576 8 -45 -55 97 -261 -1506 -111 
11 30 369 17 5 -79 -346 -258 -654 37 
35 81 158 -128 -79 -45 -225 -98 31 1 
3 1 14 22 -109 -117 55 23 -212 525 
3 22 811 -45 -38 -44 -349 -175 589 -149 
22 121 59 -74 37 -64 -420 -151 -9 -113 
11 154 145 -36 -1 -62 -347 -236 -372 -93 
3 7 41 -1 -10 11 22 -7 8 -16 
1 4 9 25 8 -4 -21 7 25 18 
4 4 48 -9 4 2 4 57 25 -14 
3 11 32 -7 -12 10 27 6 30 -12 
1 4 9 3 19 5 40 -21 -21 14 
8 3 9 2 13 11 27 -22 10 0 
1 8 16 2 0 -9 9 24 120 0 
2 6 8 -4 5 -1 -5 60 64 2 
1 53 207 8 32 -2 99 -33 -315 -51 
9 5 88 17 -30 87 100 34 80 83 
16 47 33 -44 -16 10 17 79 70 -45 
16 59 76 12 8 12 -55 21 -27 -119 
1 5 5 1 15 1 40 -1 -25 -16 
5 5 16 -1 12 4 19 -8 -24 -26 
1 19 17 0 3 9 58 -13 -18 -18 
2 1 1 -1 20 3 35 -3 10 -12 
3 10 196 0 -8 4 1 133 343 53 
5 25 12 29 40 -10 -25 -37 88 -59 
4 9 23 6 -1 17 48 230 7 3 
28 14 37 -32 46 17 59 15 -10 -21 
1 21 16 -5 -4 1 23 16 40 -6 
3 9 20 -4 -3 -4 6 12 24 -18 
7 8 9 -11 -4 8 12 1 2 -22 
3 1 31 6 5 -5 -4 17 44 -6 
1 4 71 4 13 -3 -8 -5 -6 -14 
2 9 12 0 -1 -9 6 12 52 -6 
1 12 32 3 3 -4 -36 9 39 -12 
1 8 81 2 3 1 7 -18 -27 -18 
1 9 13 -5 -1 4 4 17 15 -9 
3 3 2 2 15 4 23 -3 13 1 
3 9 10 -3 -8 -2 8 8 21 -15 
2 8 21 1 4 2 -1 2 -19 -19 
1 7 9 5 8 6 17 -2 -31 1 
3 7 4 -11 -15 10 7 15 11 5 
6 7 9 -8 -1 -3 13 -3 6 -25 
1 7 24 1 1 6 29 -22 3 -1 
1 2 3 -1 4 5 -16 52 -46 -5 
1 9 9 14 4 4 4 9 20 -19 
4 3 15 2 -1 0 2 -7 54 -3 
1 18 19 -1 6 15 -12 -2 4 -17 
1 5 24 -1 6 -4 -41 -5 39 -17 
3 5 8 -7 -5 8 -12 -3 16 -31 
2 9 29 2 -5 -6 -12 1 -32 -17 
1 11 8 -5 -9 -4 -31 -7 -26 -1 
1 1 8 7 3 -5 -3 -3 9 -9 
2 3 5 -3 -4 -1 -1 7 10 -9 
2 1 4 -1 0 -3 2 13 20 -1 
1 5 11 1 4 -4 1 -4 -4 -13 
1 1 47 2 0 -3 -11 -7 -15 -3 
2 5 3 0 -3 -6 12 1 -1 -21 
1 4 3 -7 -4 3 -11 4 13 -13 
1 2 3 -7 -4 3 1 -11 -17 7 
1 1 13 0 11 -16 8 -12 11 -1 
1 3 44 -4 8 -1 8 5 -4 21 
1 7 34 -3 2 -6 20 8 13 11 
1 9 10 4 -1 3 -33 12 -5 11 
1 1 35 8 -13 -12 -11 18 -13 -3 
1 4 33 -3 7 -1 -38 -32 27 -15 
1 2 9 4 6 -6 -33 -15 -17 31 
1 2 4 5 -5 -7 22 1 -39 -33 
1 2 19 2 3 2 1 -9 -15 -5 
1 5 7 -1 -1 -1 -1 4 7 -9 
3 4 1 6 9 6 7 1 -5 5 
2 6 3 0 4 -3 6 -2 -2 -13 
1 1 4 -1 -7 0 14 -5 -12 9 
1 1 6 2 -6 0 7 0 -19 -15 
1 2 9 4 -2 -8 -1 -4 -21 9 
1 2 7 -7 -1 1 -12 -2 11 1 
1 1 5 1 1 -7 -13 18 24 -7 
1 5 14 0 0 -7 -17 2 29 -3 
1 2 23 2 3 -6 -3 14 8 -15 
1 1 15 2 2 -5 -5 14 18 -15 
1 1 27 0 -3 2 5 -6 -1 -6 
2 2 8 1 -1 3 7 -8 2 -4 
1 3 8 0 -5 4 1 6 4 -8 
3 4 4 -1 -3 -1 3 0 5 -10 
3 4 9 3 3 -8 -20 42 96 -4 
4 11 16 -16 0 12 17 39 27 8 
3 19 32 5 4 -8 -8 -5 8 -38 
3 24 27 7 3 0 -16 -6 -4 -36 
1 8 113 5 10 -6 -23 -1 31 -26 
3 3 196 3 -3 0 -14 32 52 -40 
1 18 17 -4 1 1 -15 53 71 -14 
11 13 18 -9 0 -4 6 3 12 -34 
8 26 81 27 13 14 -57 -18 -9 -62 
2 1 605 1 0 10 105 -170 -62 0 
14 16 7 -47 -2 32 0 74 23 -20 
9 29 11 -31 -7 22 -11 67 39 -40 
1 29 244 -5 -4 2 -9 136 240 -42 
1 2 56 13 3 -3 -45 28 360 4 
19 24 32 -9 -14 -8 -12 36 39 -68 
2 47 133 -4 -1 -5 -70 73 137 -64 
1 5 24 1 -9 22 18 16 -5 -13 
1 11 20 1 -9 24 5 22 -4 -29 
3 3 30 1 14 3 22 -30 -27 -17 
4 4 61 -1 5 2 9 -10 -22 -31 
1 9 4 4 12 3 22 3 -20 1 
3 7 3 8 1 -15 14 6 28 -1 
2 3 11 3 -8 19 17 4 4 3 
3 3 25 -8 -3 8 13 9 -2 -19 
1 9 6 5 13 4 26 -18 -5 0 
2 6 17 1 0 -4 -19 20 37 -16 
2 2 44 -2 -9 7 11 6 -4 -14 
7 9 11 2 7 3 -6 7 -10 -24 
2 3 16 -7 3 5 1 40 16 -6 
2 9 16 5 3 -15 14 8 40 -8 
3 8 16 8 6 -1 -7 -8 0 -20 
5 2 9 -3 1 11 20 -12 -3 -10 
1 2 6 0 -14 13 3 50 9 7 
1 2 65 6 6 -5 -15 11 58 -7 
4 15 19 -5 4 2 -11 17 -4 -33 
4 4 25 6 4 -3 -23 23 36 -15 
3 11 643 3 -7 4 38 10 -68 -52 
7 11 39 -5 55 -12 71 -57 -22 -42 
8 23 129 11 17 -13 -28 17 -23 -24 
9 42 21 0 -15 -26 61 62 89 -14 
1 10 35 -5 -16 -3 10 -26 -68 -7 
1 1 44 5 -9 -23 -39 7 -13 3 
3 20 27 -6 -6 -18 -51 -13 3 13 
1 23 7 -14 -4 5 -40 -20 -12 -29 
1 4 89 4 -4 -10 -57 -40 -7 11 
1 2 16 12 -13 -4 17 -5 -52 -37 
1 18 21 -3 -16 -15 15 -4 -29 -23 
8 1 11 -6 -3 -12 -34 -27 -33 -29 
1 2 4 10 1 2 25 8 68 8 
7 9 18 -6 0 -9 12 7 22 -24 
2 10 27 7 8 -4 -21 6 -5 -14 
4 7 18 -4 -5 0 -8 24 19 -24 
1 3 55 6 9 -2 -23 16 -7 -22 
1 11 16 -10 -6 11 21 8 24 -22 
4 4 11 4 4 13 16 -32 -13 -10 
1 6 74 -3 -8 1 0 33 -11 -30 
3 8 11 1 -1 -2 -5 88 -50 14 
4 11 23 -15 28 -16 13 22 -11 -18 
13 1 13 -19 0 22 -5 32 -41 2 
11 16 24 3 -3 20 0 -1 9 20 
1 5 89 -3 -20 -6 15 32 -141 -18 
1 34 45 -7 -6 2 -73 -27 -33 0 
1 12 5 3 -11 -8 68 -17 -118 -18 
3 1 37 -17 -8 -7 -6 -10 71 -30 
1 1 8 -2 0 1 2 5 1 -6 
1 1 4 -1 -1 3 7 -3 4 -2 
1 3 2 -2 -4 2 4 5 6 0 
1 2 4 3 3 -5 1 0 4 -6 
1 3 62 7 -15 25 23 49 6 -5 
9 14 12 2 -3 -13 -29 31 41 -33 
3 9 32 4 -1 24 87 -25 28 11 
6 23 18 26 29 18 -9 15 -27 9 
2 9 148 2 11 27 247 -66 -275 -19 
16 25 49 -35 -15 32 17 52 5 -83 
4 7 38 77 22 33 33 -7 128 -29 
4 9 39 55 10 39 -48 -1 136 -41 
1 8 7 11 9 -2 -18 9 4 5 
1 1 133 3 10 1 -12 -1 -3 -5 
3 4 16 1 0 5 13 -21 2 -7 
4 2 1 -4 -13 6 -22 -5 5 11 
1 4 169 -1 3 0 -6 -10 62 -3 
1 2 131 4 9 1 2 -23 7 19 
1 8 34 0 1 6 -10 33 14 11 
2 1 26 -5 4 1 32 4 32 7 
1 2 7 0 -4 4 5 1 4 -2 
1 2 4 2 1 -3 -5 3 8 -4 
1 3 4 3 4 -1 2 -6 -1 -8 
2 3 3 3 0 -5 1 -1 6 -10 
4 2 24 -25 -10 56 29 41 -2 -19 
4 13 32 3 23 8 68 -42 -43 -31 
10 16 26 35 19 0 -52 19 29 -9 
6 16 23 39 20 -12 -36 -3 17 -33 
1 1 4 -2 0 1 0 6 1 -5 
1 1 3 3 3 -1 -3 2 1 -1 
1 2 2 0 -2 4 3 0 0 -3 
1 3 1 -1 1 -1 4 4 6 3 
7 13 712 -23 -66 -43 -166 -134 -172 -75 
2 123 223 -17 -48 -91 -30 100 -309 -49 
32 63 72 -20 -124 -144 -156 39 40 207 
15 7 144 73 -56 -86 -178 -143 -10 185 
1 8 246 0 -23 32 -146 -969 -259 -57 
1 41 95 14 -69 103 176 5 -63 247 
2 9 1601 -2 -53 -58 -143 -89 -43 -7 
1 51 317 -56 -72 -3 -155 -18 71 -157 
36 57 123 84 141 -226 -7 -37 203 57 
27 101 55 17 39 28 351 75 -488 107 
47 57 151 33 -22 -32 43 -315 37 293 
45 81 89 -68 136 65 98 49 -266 167 
3 8 5265 7 17 -22 -88 1296 3168 -147 
46 133 207 -42 61 -56 38 -66 -15 -355 
3 116 259 114 64 -30 -254 -25 -40 -219 
19 85 651 -24 -65 59 211 -205 21 -173 
1 10 8 3 0 -4 -20 4 19 -13 
2 2 7 -6 -9 13 9 8 8 7 
4 3 1 -1 -1 -4 8 16 19 5 
2 2 2 11 3 -8 3 4 18 9 
4 24 275 -6 -32 23 47 89 90 -61 
19 36 50 -27 -20 42 2 50 -5 -105 
13 12 143 33 38 -10 -54 37 65 -39 
6 60 11 -7 10 -34 -15 81 196 21 
1 2 3 0 9 2 30 -10 3 -8 
4 1 10 -4 -15 12 8 10 8 8 
1 2 99 2 7 -2 -6 0 5 -16 
4 9 1 -7 5 -4 -5 14 14 -2 
1 4 70 14 20 5 -20 8 11 8 
5 14 4 -4 2 -14 -3 28 48 -2 
1 16 18 10 25 -8 13 21 -42 -14 
7 5 28 10 -4 19 33 -28 -16 2 
1 70 95 -2 0 -25 77 53 312 -11 
10 16 93 7 25 -20 0 0 15 -75 
11 4 9 39 9 -26 -4 22 83 13 
13 13 26 19 38 21 58 -70 -13 11 
4 1 19 -3 -14 26 25 3 8 4 
1 11 47 -2 -6 24 70 -3 48 6 
11 2 7 -10 5 19 34 -18 7 -16 
5 1 5 -21 -17 25 4 39 4 16 
1 4 4 0 -9 2 3 -2 -6 -1 
2 1 7 -1 2 -6 -7 -5 0 -3 
3 2 4 2 0 -3 -8 -3 -7 3 
2 2 1 -5 -1 2 -5 -6 8 -9 
1 1 6 -10 -1 1 -10 -4 31 -7 
1 14 9 -3 -3 -4 5 -14 -34 1 
3 4 7 -5 0 -6 -16 -17 -11 -9 
3 4 2 -8 -8 0 13 -13 -11 19 
1 9 15 1 0 -4 -19 10 27 -14 
1 8 10 1 5 4 40 -13 25 -4 
1 12 14 -3 -2 0 4 10 19 -12 
2 7 11 3 4 4 14 -15 -5 -10 
5 14 8 -3 8 -3 -13 12 16 -26 
3 13 11 7 16 13 13 -5 -17 0 
10 11 4 7 23 2 26 4 0 -6 
7 8 9 15 15 8 16 -9 -6 -6 
1 4 5 2 3 -1 5 0 15 -3 
3 3 3 8 -3 6 -1 2 5 -13 
3 2 5 -3 5 3 5 0 5 -7 
1 4 9 1 0 -3 0 2 12 3 
1 7 16 2 4 -1 -10 3 -8 -13 
1 2 37 3 8 1 -6 -8 -16 -7 
4 4 3 1 -5 -6 -1 7 13 -15 
3 4 9 -2 -1 4 7 -6 -4 -13 
1 2 9 1 -3 3 26 -4 -26 -19 
1 3 7 -13 -3 0 -10 -4 -10 -1 
2 3 9 -1 -12 1 12 2 -4 -15 
1 4 33 -1 -1 1 2 -30 -32 -9 
1 10 2 -5 0 3 8 46 49 7 
1 19 25 6 9 -2 -5 -5 -30 -17 
3 7 38 -4 -1 -1 -7 32 25 -25 
5 1 13 1 12 7 28 -27 12 3 
1 1 9 5 1 0 -5 3 12 2 
1 1 19 2 4 -1 -3 7 14 -6 
1 1 43 2 2 1 -4 -1 8 -10 
1 3 13 -1 0 2 4 0 5 -10 
1 7 16 8 32 5 21 13 -33 19 
7 5 11 16 10 -19 -11 16 37 3 
7 7 21 0 -11 -3 -13 33 39 -35 
7 15 21 5 -6 18 8 -6 -17 -35 
1 3 3 2 1 20 -1 29 6 8 
4 1 29 -3 -10 12 12 -4 6 -4 
3 4 13 1 15 3 24 -5 -25 -6 
2 13 19 4 4 -7 -24 5 23 -14 
1 4 35 21 9 -8 -36 12 78 14 
4 5 85 -4 -19 19 19 33 -25 -44 
1 6 16 -12 -6 36 13 53 12 8 
7 7 31 -19 -17 9 13 75 38 0 
1 7 31 4 45 4 25 -6 -75 10 
4 13 71 -4 0 -2 -11 33 39 -58 
2 2 96 11 5 -2 -43 32 120 -32 
5 8 141 -5 -7 -6 13 40 46 -46 
9 12 432 0 6 2 1 1 -48 -108 
5 73 124 -3 -10 22 115 -35 49 -86 
12 16 239 23 39 16 -20 -47 -131 -56 
16 3 37 64 12 23 -24 44 157 -6 
1 2 5 1 1 3 7 -4 -10 -3 
1 3 4 -3 -1 3 2 3 0 -7 
1 4 4 0 -2 2 -1 2 2 -9 
1 2 7 3 1 1 -8 3 4 -5 
1 1 2 3 7 1 4 -1 -12 9 
1 3 9 -3 -2 1 1 -3 3 -5 
1 2 3 2 4 -3 3 1 -7 -13 
1 1 6 1 0 0 8 -5 -14 -5 
1 11 106 1 3 -6 -4 2 29 -31 
4 7 28 6 1 15 26 -18 -45 -13 
2 4 106 1 3 -6 -2 25 67 -21 
4 11 19 6 -10 27 16 1 -23 -29 
1 4 101 1 1 6 48 -39 -31 -5 
1 22 8 2 9 3 70 -14 7 -13 
1 6 76 4 14 -1 8 -27 -41 -19 
1 9 16 -5 -3 14 13 40 24 7 
3 4 29 -7 -2 11 -40 3 -26 -16 
6 7 13 -4 -15 14 -7 3 -34 -28 
9 7 9 5 -4 -5 -27 13 -24 16 
5 2 19 -7 -10 9 -12 -5 -58 -4 
6 13 77 9 -8 -44 45 -15 60 31 
2 11 60 4 7 -48 47 -38 120 39 
12 12 41 10 4 -17 44 5 47 89 
16 3 28 1 0 40 -65 -11 -14 69 
2 33 163 7 -22 -38 -45 67 -172 -119 
2 4 431 -22 -37 -23 -55 134 168 5 
4 33 77 -34 0 -39 -197 -43 15 -41 
4 9 53 -32 -22 13 -108 -49 145 -97 
3 40 149 33 65 -9 -34 8 -132 -33 
31 69 68 6 55 -105 29 69 104 -59 
26 25 57 56 7 -8 -103 48 112 -93 
19 19 387 29 -6 30 8 -176 -146 -101 
1 2 91 1 -7 4 11 -8 4 -7 
4 1 2 -2 12 5 20 -7 11 -7 
4 5 10 8 2 1 -10 -1 3 -17 
1 15 20 -1 -1 -1 17 -4 14 -19 
1 8 148 -1 -9 10 8 60 53 -7 
9 16 18 -17 4 8 17 25 2 -27 
5 4 83 1 -5 6 27 -20 -20 -17 
3 13 50 -1 6 -7 -8 45 20 -31 
2 42 51 3 16 12 130 -25 -133 -43 
5 11 72 5 2 29 104 -57 -60 -13 
6 20 71 1 2 22 91 -61 8 -33 
8 14 153 3 -6 0 -33 41 36 -81 
1 9 4 -2 13 21 0 36 12 -3 
4 1 45 5 -7 10 22 -25 -9 5 
1 27 37 -1 -1 7 9 0 -13 -31 
3 1 100 8 9 1 -16 20 40 -11 
1 2 135 -2 -17 2 12 36 9 -33 
7 5 29 13 -5 2 -26 15 0 -31 
2 12 13 8 12 -21 -2 -2 -10 -47 
2 1 63 1 -6 5 34 -40 15 23 
1 2 12 1 3 3 15 -14 -8 -2 
1 2 28 0 -4 4 11 -6 6 -4 
1 2 49 0 2 -2 -1 8 14 -12 
1 6 16 1 0 3 4 -5 -9 -12 
1 4 3 -4 -6 9 4 12 6 1 
1 2 6 -2 -6 10 5 9 2 -3 
2 1 7 2 3 5 16 -11 2 5 
2 5 13 2 3 1 -4 1 -8 -13 
10 65 784 -39 -46 32 177 237 384 -133 
1 29 844 41 31 -36 -261 -8 882 -79 
12 25 1884 16 51 -26 -72 43 292 -237 
18 60 65 33 150 50 286 9 -283 19 
26 18 625 1 -21 51 200 -306 38 -117 
16 37 36 88 -4 -91 169 47 534 -67 
41 99 32 -1 63 -96 -222 204 339 -59 
50 32 140 104 -99 211 151 62 44 103 
1 1 5 -1 -3 4 4 -8 -9 10 
1 1 9 1 -1 -4 -12 -4 0 -2 
3 1 4 -6 -1 -3 2 -5 10 -10 
1 3 5 -3 -5 4 1 -6 -4 2 
1 53 120 -1 12 23 52 -17 2 -15 
17 22 36 -4 1 3 15 48 54 51 
7 2 101 6 -5 21 22 8 -85 43 
9 6 28 -30 45 1 63 18 22 -63 
4 7 644 -5 0 22 24 3 -183 33 
8 34 34 2 5 43 38 30 139 -81 
11 16 57 -15 -28 24 68 99 -113 17 
7 32 9 28 9 -31 28 -81 168 -27 
1 15 37 6 8 -7 -45 -8 -15 -56 
5 16 18 1 1 8 24 -37 -57 -18 
9 12 14 -26 0 0 20 0 11 -64 
2 16 39 -7 -12 8 -16 1 30 -52 
4 7 10 4 -32 -46 -19 59 20 68 
15 24 25 -48 -41 17 -8 -27 -16 12 
17 4 3 26 -45 -19 51 -7 -55 -38 
8 5 36 -45 -23 -2 -50 4 36 40 
1 16 25 24 -4 -12 8 104 -183 12 
1 18 109 -36 19 -3 -5 67 25 30 
4 23 33 34 -11 -19 105 -62 30 -44 
1 35 75 4 -19 -32 -155 -32 173 -32 
1 5 204 -23 -23 -10 -86 106 245 176 
19 19 6 -72 10 -24 100 -128 -89 168 
3 30 225 -10 -56 -44 -11 96 -216 -60 
9 7 45 12 27 -35 -164 -113 -256 36 
1 1 5 0 7 1 13 -12 9 -6 
1 1 68 2 2 1 -5 -10 -7 -10 
1 7 7 -2 -3 1 5 4 10 -8 
1 4 7 4 5 0 -1 -6 -5 -8 
1 2 2 3 2 -1 0 -4 -5 -6 
1 1 6 2 1 -3 -2 2 0 -6 
1 2 3 -2 -3 4 5 -2 0 0 
1 2 4 1 0 -6 0 2 5 -4 
1 1 10 6 4 -4 -6 5 14 0 
1 9 1 -2 0 -4 -7 9 17 -4 
3 4 1 2 11 -1 9 -2 -5 -12 
1 2 11 0 1 5 17 -8 -14 -6 
1 119 153 1 7 18 329 -60 -111 -73 
1 10 536 -5 -10 5 -11 476 434 -41 
7 27 4 11 78 -5 133 -30 37 -77 
18 27 72 3 -21 35 50 -38 -12 -73 
9 12 265 -3 33 2 60 -88 -80 -111 
26 45 47 53 11 45 -21 -44 -38 -85 
13 36 48 26 10 -32 -72 24 67 -71 
18 9 73 -8 47 18 75 -43 -97 -91 
9 43 26 -27 6 25 -35 124 41 -69 
2 21 1 -11 14 89 -15 116 -17 -91 
32 35 27 -17 38 -32 3 64 76 -35 
13 21 74 -23 -22 25 40 82 58 -69 
1 6 221 19 5 -8 -124 -28 316 -15 
7 18 71 8 21 10 117 -93 -85 -63 
1 17 801 3 7 -12 -137 64 557 -87 
5 42 103 -16 -21 -6 -20 91 136 -49 
4 33 67 -5 -3 4 46 -12 17 -59 
3 5 560 3 2 0 -23 11 18 -61 
5 16 29 4 -3 -22 -9 33 104 -31 
7 8 38 12 -28 41 33 13 2 -5 
1 5 96 4 5 -3 -31 13 42 -15 
1 1 15 5 0 -5 -4 18 109 -5 
4 5 27 7 -20 17 9 16 6 -11 
3 9 19 8 14 3 6 -20 -22 -15 
1 5 101 4 19 -3 -4 -7 -22 -9 
1 17 6 1 -2 -8 -19 31 77 -5 
3 17 25 -10 -3 14 27 14 17 -5 
3 18 27 7 2 -3 -6 -3 1 -21 
1 1 2421 -2 -24 -6 -49 65 195 2 
12 16 16 3 -32 -48 -36 -17 -47 -20 
3 5 82 13 6 -18 -82 -49 -76 48 
1 6 32 27 2 20 -47 32 -72 -82 
9 10 9 -3 -113 -19 93 -41 -100 -108 
18 61 39 -35 -26 -28 14 -98 -145 20 
27 41 72 -66 -46 7 -31 -101 -84 42 
32 33 45 -4 28 -81 13 -108 -152 122 
2 7 384 -2 25 14 213 -304 -144 -32 
4 7 135 -62 29 -1 -59 -27 -151 40 
6 54 260 -6 -7 -23 93 4 124 -152 
7 32 86 -27 -28 69 92 67 -51 -118 
4 49 74 48 8 -72 26 7 -190 -202 
61 45 1 -49 95 -87 -66 19 -127 8 
17 20 67 -110 -61 1 -104 -42 -92 0 
11 45 20 -37 6 75 57 -172 -16 -146 
4 1 66 -30 -2 -5 -88 33 -172 17 
19 17 54 39 22 -6 -43 -3 -38 -71 
4 37 65 37 26 -14 -39 19 -78 -27 
14 23 36 -48 -39 49 -1 46 22 -15 
10 28 291 8 65 -1 37 -110 56 69 
4 33 64 8 -9 10 -49 296 32 77 
18 16 59 26 71 -87 90 32 -23 -33 
29 60 12 22 -49 -11 60 120 3 19 
13 36 347 1 -1 0 14 48 1 -267 
2 195 169 -34 -23 62 -79 128 25 -153 
57 28 3 73 18 148 186 -117 39 31 
20 10 139 -78 -20 -15 -31 75 -340 9 
1 12 1593 40 -127 47 -128 -309 -1014 -3 
54 72 86 -141 -66 66 11 -257 -72 -89 
12 39 398 -36 -30 21 -155 -479 -182 -277 
9 1 1772 -15 -87 -28 -35 138 1460 179 
6 88 1471 49 85 -52 -353 58 120 -193 
80 53 375 -83 77 82 184 32 -287 -459 
25 242 319 -58 -1 11 -70 203 110 -365 
18 3 509 52 -139 203 273 154 -182 -55 
2 4 13 -19 16 5 -2 61 -124 -11 
2 23 88 0 -5 -7 7 25 -59 -63 
8 24 40 -17 -17 -11 0 4 33 -23 
2 11 13 14 -31 -21 -65 5 -23 25 
1 1 28 0 2 2 13 -20 -7 -7 
1 7 11 1 2 2 8 -7 -10 -11 
1 4 17 -1 -4 3 -3 11 6 -15 
1 2 3 1 9 1 12 -8 -9 -5 
1 4 15 0 29 -1 36 -26 21 3 
7 3 12 18 5 -3 -3 6 44 -13 
4 20 11 -6 4 -3 6 27 38 11 
2 11 24 13 0 -10 -22 3 35 -21 
2 13 8 10 51 6 60 7 -45 17 
4 20 38 26 11 -45 42 14 123 -13 
7 10 94 2 -4 17 59 -65 -2 -27 
7 20 53 3 -25 38 39 0 0 -35 
1 2 37 -1 -6 1 -1 1 2 -10 
1 1 44 -1 -2 -2 -4 13 19 -8 
2 4 5 3 -2 6 2 -7 -6 -14 
2 4 10 -1 -3 0 2 -8 -1 -12 
1 5 8 -6 3 -1 -14 -16 -16 -6 
1 3 11 3 -3 13 2 -17 -15 12 
1 9 2 -3 7 4 -7 -15 -18 -4 
2 5 4 -9 -13 7 -6 -4 -12 10 
1 1 20 -5 21 6 30 -16 -19 21 
2 13 56 1 11 -4 -4 -5 -12 -5 
4 5 53 6 4 13 1 -17 0 -21 
4 10 5 6 -2 -1 -18 3 57 -5 
1 6 1656 2 -7 -2 55 272 -255 3 
9 12 96 -6 3 14 7 71 -65 45 
26 14 36 -5 44 51 -2 39 -27 -7 
2 12 15 17 -25 -13 -1 -136 103 9 
1 1 7 2 4 5 2 -5 6 -6 
1 2 7 5 0 -1 5 1 1 -6 
1 5 3 0 1 0 13 6 2 -6 
2 3 3 2 3 2 4 1 15 2 
1 3 5 2 -5 -8 5 -16 -66 -6 
1 4 3 -5 -7 -11 -19 18 1 28 
1 5 19 1 7 -10 -19 -21 -28 24 
2 5 29 -2 -1 -8 -11 -21 -34 0 
1 1 1 0 1 1 1 0 -1 -3 
1 1 2 2 1 1 -2 1 0 -1 
1 1 1 -1 1 0 -1 2 1 -3 
1 1 1 1 -1 0 -2 1 2 -3 
1 8 11 0 0 2 8 2 1 -18 
2 8 9 -1 -4 4 7 4 4 -8 
3 8 5 -4 -4 -3 9 9 10 -4 
2 4 1 -5 4 2 3 16 11 -6 
1 11 21 13 10 7 -23 -10 -4 -10 
1 1 129 0 15 1 26 -77 -34 -18 
3 4 89 2 3 2 -3 -6 -26 -28 
1 11 68 -3 -7 5 26 11 43 -16 
1 1 3 0 -4 4 3 3 3 2 
2 2 1 -3 0 0 -1 4 2 -4 
1 1 8 1 0 0 -3 2 2 -6 
1 3 4 1 1 1 -4 2 -2 -6 
1 1 8 0 1 1 2 0 0 -6 
1 1 6 -2 -2 2 0 4 1 -2 
1 2 4 -1 0 -1 0 6 3 -2 
2 2 1 4 5 5 6 0 0 4 
1 1 61 -1 -1 1 22 24 -20 4 
1 2 11 -7 13 -10 11 -2 -12 16 
2 4 5 -3 4 4 -8 -4 37 -6 
1 1 133 -1 6 3 -2 -13 26 -4 
1 1 3 1 2 -1 -3 3 3 -2 
1 2 1 0 -1 0 -3 3 4 -4 
1 1 4 1 2 0 -1 1 -1 -4 
1 2 1 -1 -1 -1 0 3 3 -2 
1 4 19 1 -6 12 16 3 1 -4 
1 3 72 0 -1 3 11 -12 -24 -16 
1 13 9 -3 1 -4 4 15 30 -2 
3 7 13 5 10 -7 -11 10 -4 -10 
1 4 4 -5 -3 13 3 16 12 -4 
4 4 11 4 4 3 17 -16 5 -10 
3 3 8 1 -7 17 7 7 2 0 
1 4 9 -2 -2 0 4 42 33 2 
1 2 49 -2 -2 1 1 23 12 -12 
1 11 13 2 3 5 4 -1 -24 -10 
2 7 13 3 0 4 9 -12 2 -12 
4 6 5 2 5 -1 10 -10 2 -16 
1 3 23 4 1 -5 -10 5 40 -13 
1 6 10 -1 -8 13 8 14 9 -3 
2 1 17 5 -6 13 19 -3 -8 1 
3 7 15 1 4 -2 2 -3 -4 -21 
1 6 30 1 -3 9 26 -11 7 -3 
5 9 10 -5 7 0 -3 10 -7 -25 
3 3 9 3 10 4 13 -18 -15 -3 
6 7 7 1 -9 3 -4 5 8 -23 
1 1 1 -2 2 2 -10 73 41 11 
1 1 23 4 1 0 -5 -19 78 -3 
1 9 9 13 2 -14 5 4 9 -25 
1 1 215 1 9 -1 -5 0 94 -9 
3 1 13 -5 -3 10 8 -1 -3 -29 
3 3 26 -2 5 -1 -7 -6 7 -25 
4 7 10 -5 -10 -1 -4 5 -4 -21 
5 4 4 11 18 -1 -12 0 -11 1 
3 4 37 -3 -2 2 4 7 -1 -23 
2 11 11 -3 -3 -6 6 14 31 -11 
4 9 13 0 -9 12 19 -4 13 -7 
4 4 7 4 18 5 15 3 -22 -3 
2 1 8 9 3 4 0 6 57 5 
2 3 16 11 2 0 -9 5 28 -9 
3 5 16 11 7 -3 -15 12 12 -1 
4 6 2 8 3 -9 10 6 31 15 
1 1 2 2 0 3 9 -6 -5 -3 
1 3 5 -4 -2 3 3 0 0 -5 
1 1 3 4 6 1 -6 0 -3 -1 
2 1 3 1 -3 3 6 -3 -6 -5 
1 1 12 8 5 -6 -1 1 19 -5 
1 4 23 2 0 -2 -11 3 19 -15 
1 7 22 1 0 2 3 -7 -5 -15 
1 9 8 -4 1 3 -10 15 9 -15 
1 1 43 2 8 3 11 -11 -23 -5 
2 5 1 -3 8 13 -5 16 -2 -11 
1 5 27 -2 -2 3 5 6 30 -9 
1 4 9 2 2 -2 -7 14 25 -15 
1 7 38 1 11 2 35 -13 -62 -19 
1 1 61 1 8 4 47 -50 -11 7 
1 12 16 14 15 -6 -15 5 -12 -5 
1 16 41 -1 1 11 48 -8 -48 -27 
2 2 1455 7 12 -6 -43 142 566 -38 
28 23 41 -10 -24 35 45 -20 -12 -76 
6 41 17 17 50 -2 75 -14 -84 -54 
4 7 9 57 7 32 47 9 156 8 
9 28 85 -39 -48 52 36 -10 28 -10 
7 11 156 22 30 8 -71 -80 -24 -134 
10 47 49 -4 -7 -13 8 49 -35 -140 
9 35 49 0 -24 19 113 -28 -63 -94 
1 1 10 3 1 0 -4 -2 6 -7 
1 2 9 1 1 1 1 -2 -6 -7 
1 2 9 2 2 0 -5 3 0 -5 
1 3 2 -1 0 -2 -1 6 8 -3 
5 15 288 13 -11 3 11 129 90 -49 
6 2 279 7 -22 11 79 195 63 29 
18 17 96 36 15 11 -5 -20 77 11 
9 6 162 6 3 11 69 61 7 -65 
5 48 79 -33 1 18 83 199 207 19 
19 50 50 70 115 -62 -39 65 -85 -87 
11 31 285 8 -58 44 101 -58 21 -59 
18 29 94 54 67 -83 -43 30 47 -113 
1 4 16 0 13 2 3 -11 -3 9 
3 5 14 1 -3 5 -9 4 9 -3 
4 2 1 -3 -6 11 -13 10 9 -3 
1 6 14 7 2 -5 3 -1 13 7 
1 2 46 4 6 -6 -5 15 54 -17 
4 1 1 -6 13 9 27 -13 -5 -17 
1 17 14 4 4 4 12 -10 -27 -21 
2 7 16 7 13 -2 -15 2 -15 -9 
1 2 68 0 9 2 -15 -120 -95 -29 
2 12 1 -11 -17 -5 21 -23 -1 11 
1 4 43 -1 -5 4 33 -67 -51 21 
1 6 26 -2 -18 0 3 -25 -72 23 
3 16 47 12 6 -19 -16 -6 50 -47 
3 16 56 9 16 -1 -2 -23 -35 -37 
12 16 25 -3 18 -9 20 -12 -5 -61 
12 7 16 26 23 -29 -19 26 39 13 
1 2 18 0 -2 5 13 -13 -10 -3 
1 8 9 2 6 3 -4 1 -15 -7 
2 3 12 3 6 -4 -5 -3 -4 -11 
1 4 7 0 1 7 20 -11 6 -1 
2 3 25 1 -7 5 6 -3 1 -11 
4 3 1 -12 9 10 0 15 3 -3 
3 1 17 4 2 -2 -7 12 20 -9 
3 1 1 6 -2 -5 -1 8 22 -7 
1 4 22 -3 -1 -1 6 23 23 -5 
1 7 13 -2 -1 0 -8 12 14 -17 
3 1 19 5 4 -2 -10 11 12 -7 
2 3 25 -3 -6 1 9 4 12 -13 
1 3 27 2 0 13 23 1 39 -1 
1 2 74 -1 7 1 17 -21 -26 11 
5 4 9 -2 0 6 21 3 19 -11 
6 5 7 2 7 -4 20 -1 5 -11 
2 1 9 -1 -5 -13 2 -15 -17 -1 
1 2 13 -4 -14 -2 -19 2 3 -11 
3 1 11 3 -10 -4 -9 8 -1 -31 
4 5 9 -6 -3 4 0 -17 3 -17 
1 1 19 2 7 16 1 -11 14 -11 
1 4 97 -1 -2 1 9 41 -63 3 
1 11 21 -2 7 -8 27 0 9 5 
1 10 25 -1 4 -15 54 -5 45 -17 
1 6 121 1 9 -1 3 8 -53 -45 
5 3 18 -29 9 12 -1 -3 -36 -1 
3 1 25 4 -4 19 31 -10 10 33 
7 9 10 12 17 -6 -12 -17 -10 -29 
2 7 37 5 -2 -16 20 22 -49 -69 
2 11 93 -7 -15 -14 -37 17 -4 -13 
3 7 12 12 21 -9 -23 -20 -37 55 
4 16 13 -13 -6 -26 -7 50 -7 17 
1 17 45 4 -16 47 38 62 43 19 
1 19 175 -5 -8 8 -9 114 129 -43 
4 17 7 13 53 7 57 29 -27 9 
3 41 38 -7 -3 -18 55 51 144 -7 
5 6 35 -14 10 12 23 152 43 -37 
1 36 3 3 -4 -15 18 46 340 17 
7 17 27 43 6 -26 -35 12 45 11 
9 1 19 1 -28 52 30 46 32 13 
3 101 162 22 19 -25 -123 -15 -12 -97 
33 50 55 -52 25 -15 -5 82 37 -103 
9 43 56 36 12 -55 -113 34 159 -51 
9 76 19 -2 4 -60 81 76 231 23 
1 9 6 0 -1 -2 -10 6 14 -12 
1 1 82 0 -1 1 4 -10 -12 -12 
2 3 8 10 4 5 -9 -5 3 -10 
3 4 6 6 7 0 -5 2 -4 -6 
1 1 35 3 2 5 -3 -26 6 24 
1 2 1 -6 6 0 -25 -21 20 -2 
1 4 4 6 -12 -16 -4 -3 -17 4 
1 4 28 -1 -12 -6 -9 -4 0 -4 
1 1 2 -1 2 1 1 -2 3 -3 
1 1 1 1 1 2 -1 3 4 -3 
1 1 2 3 0 2 2 0 2 -3 
1 1 2 2 2 1 -1 -2 2 3 
1 2 15 -1 2 3 10 -7 0 -2 
1 1 11 4 5 0 -1 0 18 0 
1 3 3 -2 0 2 -4 11 15 0 
1 3 15 1 0 -1 1 11 12 -6 
2 9 23 1 1 4 -2 10 -27 29 
2 11 4 0 -17 4 -3 -16 14 -5 
4 10 11 0 1 -5 10 -12 23 21 
11 2 3 7 -8 16 -29 5 20 -23 
1 1 4 1 7 2 15 -8 8 4 
3 1 5 -1 -2 7 9 -4 -4 -6 
1 1 30 -1 -3 3 11 -9 8 -4 
2 4 7 -1 0 -4 0 6 11 -8 
4 5 16 -10 -3 12 17 4 2 -20 
3 5 4 4 3 -11 -4 17 35 2 
5 11 12 3 7 -11 -13 11 4 -16 
7 9 11 15 6 13 3 -15 -15 -12 
1 4 356 -1 -20 9 26 74 59 -12 
5 6 40 0 3 17 65 -39 42 0 
3 10 27 7 31 0 31 -36 -36 -28 
3 17 49 -13 -7 11 24 40 40 -20 
1 3 26 3 13 -2 -4 4 -19 -9 
1 1 113 1 3 -1 -11 17 35 -15 
1 10 16 3 2 -6 -19 1 6 -11 
3 8 7 4 3 5 6 -12 -3 -15 
1 4 56 0 0 7 7 15 60 -3 
4 11 10 8 14 -11 8 -1 9 -3 
4 2 4 -4 6 13 9 19 3 -29 
2 3 2 5 -3 2 0 -12 53 1 
1 1 9 1 -4 9 11 1 3 2 
1 1 16 1 2 3 15 -15 1 2 
3 4 2 2 5 4 12 -7 1 -4 
3 2 5 -4 -2 7 12 -5 4 -6 
1 1 1 1 0 0 2 -1 1 -2 
1 1 1 -1 -1 0 1 1 2 0 
1 1 1 2 -1 1 0 0 2 -4 
1 1 1 -1 1 1 2 0 1 -2 
1 99 119 7 29 0 -78 -11 -75 -47 
9 26 213 8 6 -18 -19 -3 127 -57 
11 21 69 2 79 -14 64 26 -108 -49 
3 94 53 18 42 -18 77 2 -33 -25 
1 20 60 16 6 -9 73 26 275 -1 
20 18 23 2 34 -3 72 -55 29 -57 
9 23 44 48 24 29 -41 13 12 -17 
2 67 33 11 23 8 107 -22 -38 -3 
2 15 33 -23 -17 4 -43 2 6 17 
4 3 40 -6 -20 -25 -35 -11 -36 -27 
5 17 6 -25 -36 5 12 -19 -24 7 
7 3 66 -4 -14 -13 -38 -47 53 25 
4 13 15 -10 42 -3 -105 -101 -85 -49 
6 4 12 58 -41 31 -61 66 -4 -185 
5 36 38 -31 -56 -8 10 -29 -85 -9 
8 15 92 -32 -41 -3 -41 -100 -58 -33 
1 16 78 -22 -34 -24 -56 14 65 82 
1 6 49 -36 -13 13 -37 -68 127 -30 
1 16 390 -10 -8 -8 -112 -4 329 -18 
2 7 27 -36 -37 37 8 -85 -63 28 
1 1 1 0 0 1 0 4 4 5 
1 3 1 0 1 0 -5 3 4 1 
1 2 3 -1 -1 2 1 0 1 1 
1 1 3 0 0 1 5 1 1 1 
1 1 1 2 0 -2 -5 4 12 -5 
1 2 9 -1 0 -1 -2 4 4 -7 
1 1 10 1 1 -2 -3 6 7 -5 
1 1 5 4 5 0 -4 0 -1 -3 
1 1 3 1 -3 -2 -10 -7 -7 7 
1 1 1 -5 2 6 4 5 10 9 
1 3 4 4 -2 -7 -2 7 -2 -5 
1 1 4 -5 -9 4 1 9 -5 7 
1 1 1 9 1 2 10 3 25 7 
1 3 1 -2 2 -1 1 27 31 3 
1 1 13 1 -3 10 20 -4 -4 -1 
1 2 59 -2 0 0 1 28 19 -11 
1 25 50 2 0 -12 -32 13 80 -30 
3 19 16 -5 -12 20 3 20 12 -30 
6 3 23 14 -1 -14 9 8 61 -30 
8 7 20 18 1 4 -33 16 33 -30 
1 17 48 -2 -9 15 2 27 17 -38 
10 9 25 -17 4 12 9 20 -20 -48 
6 3 29 21 17 -5 -15 -16 15 -32 
3 8 43 12 25 -15 -4 1 -14 -34 
7 16 22 4 21 -4 29 -21 -8 6 
1 20 63 8 2 -4 8 30 69 -30 
7 27 31 1 -11 25 19 9 22 8 
9 9 21 6 3 8 4 17 41 -42 
3 4 61 7 -6 3 5 -49 -34 -62 
3 3 50 -10 -7 7 15 -10 25 -60 
9 3 1 8 -5 10 51 -33 26 -6 
5 11 27 -23 3 -9 -35 -2 -23 0 
1 3 92 2 9 3 14 -41 -50 -5 
5 7 17 -2 -9 3 7 1 16 -21 
1 7 81 -1 0 2 15 -9 -7 -21 
3 1 27 -5 2 9 23 -10 -14 -19 
1 9 66 19 22 14 -31 -22 -1 -5 
9 1 27 -15 -21 29 28 1 5 -11 
5 8 104 1 -4 -5 -1 6 46 -49 
1 24 3 -10 5 22 -6 48 37 -7 
1 2 13 -2 -1 0 2 80 81 4 
1 6 14 -4 -2 7 11 36 28 4 
3 3 38 3 8 4 13 -31 -29 -4 
2 5 53 0 3 -6 0 24 34 -12 
1 4 153 2 -7 1 -27 48 18 30 
1 11 1 7 -13 -6 -15 -25 19 -26 
3 1 8 4 17 14 2 0 -52 24 
1 5 39 3 5 0 8 -99 46 8 
2 8 55 2 -3 -7 -1 27 62 8 
1 3 52 -3 18 3 38 -3 12 -12 
9 11 10 5 4 -10 1 9 31 12 
5 18 3 -2 9 2 23 20 36 2 
1 54 83 -3 -2 -3 -41 39 96 -52 
7 2 5 32 7 15 20 28 110 18 
2 27 65 13 10 -17 -25 -21 29 -62 
9 22 31 9 -33 36 7 16 4 -48 
1 23 21 -5 -4 -17 13 104 96 -8 
8 1 15 29 -4 -10 -44 19 51 -92 
7 18 7 -13 -4 12 81 -53 -9 -30 
9 9 16 30 -9 -47 -46 3 57 36 
1 2 127 35 15 15 -17 19 300 30 
27 30 64 22 30 -24 -47 32 16 -92 
3 29 52 2 38 10 201 -40 -152 -64 
3 2 433 -4 -46 31 58 137 13 -12 
1 44 379 2 -4 1 38 155 -256 38 
16 15 64 -8 40 -31 51 -13 27 46 
2 32 141 2 -3 31 -70 56 -328 -30 
4 41 84 0 13 38 -44 -20 180 0 
1 1 112 -9 8 8 46 -58 193 -174 
5 32 26 -17 -24 4 72 -92 -141 86 
5 36 13 -2 -57 -87 -45 67 -27 138 
3 11 5 -8 72 18 -87 57 -47 -100 
4 11 17 18 25 -19 30 -1 9 -2 
2 29 43 2 1 3 -43 -5 79 -2 
4 23 23 -4 0 2 -48 21 39 12 
13 19 9 17 -4 -15 -31 -6 22 24 
5 9 188 -3 -9 5 6 -7 21 -74 
9 19 44 -2 7 -1 49 -32 -20 -70 
7 19 28 10 26 16 74 0 -109 -12 
7 4 108 0 10 6 49 -93 -70 -34 
1 20 32 3 8 -1 19 -10 -42 -25 
1 17 9 11 1 1 -64 5 58 -13 
10 13 4 -6 4 -16 -6 16 20 -9 
1 34 38 2 3 -8 -26 4 1 -29 
1 2 5 4 0 9 -1 17 -4 -7 
4 1 7 6 -6 7 7 -1 2 -5 
1 4 4 3 10 -4 6 2 -7 -3 
2 1 1 5 -3 0 -1 12 22 -1 
1 2 145 2 3 -3 -9 8 58 -19 
1 1 22 -1 -8 16 19 9 8 5 
1 4 49 4 14 3 5 -15 -50 1 
2 4 14 -1 1 10 34 -15 -3 -9 
1 1 4 0 0 -1 -1 4 4 -4 
1 2 3 1 1 -2 1 -1 1 -6 
1 1 5 0 0 1 3 -4 1 -4 
1 2 1 -2 0 0 1 4 4 0 
1 4 297 3 -3 -2 49 52 -16 15 
16 11 16 16 11 19 -29 20 4 -1 
2 10 19 -23 25 14 17 6 12 -29 
11 1 12 -11 -7 17 -33 22 -6 -11 
4 4 61 15 4 -16 -25 19 -36 -51 
12 16 18 3 5 -12 -4 -33 -49 -33 
4 6 121 2 30 -5 -44 -37 -27 -19 
4 29 11 -6 28 5 -15 -1 -56 -51 
3 29 108 3 13 9 -30 -1 -91 -68 
4 13 60 24 11 -34 -30 6 37 -40 
7 11 8 4 64 -9 74 37 39 -24 
3 44 20 8 19 -4 20 -28 -93 -38 
7 36 204 -24 8 3 -71 -508 -496 -30 
37 23 2 47 -56 -86 12 -107 -260 -124 
16 57 85 -106 -99 29 -69 -145 -89 -44 
37 24 33 -106 67 13 -147 -112 158 -160 
1 1 1 3 -3 7 4 -6 7 -2 
2 3 5 -5 -3 -3 -1 3 0 4 
1 1 3 -1 5 0 -6 4 -18 2 
1 1 1 6 0 -3 5 -6 -8 4 
2 7 35 8 35 8 23 -40 -76 12 
2 1 157 6 9 -5 -19 40 168 -10 
4 16 34 16 12 -13 -11 -19 2 -48 
2 16 37 1 -4 24 88 -21 -10 -14 
1 1 188 -1 -4 3 20 -35 -12 -12 
1 4 11 14 5 1 -19 2 16 2 
6 4 14 9 -1 12 16 -20 -9 -2 
3 1 32 -8 -7 9 10 16 0 -16 
4 4 40 -1 16 0 4 11 17 -26 
7 8 11 14 5 -1 -11 8 22 10 
4 7 15 -4 -1 12 4 14 24 -8 
5 8 16 13 2 14 -9 0 8 -32 
2 10 16 12 15 5 -1 4 -16 1 
1 24 38 -2 -2 5 25 0 3 -21 
3 5 10 1 2 -6 0 25 53 -5 
3 7 8 -4 -9 3 2 38 31 -5 
1 4 30 1 2 -2 -10 9 7 -11 
3 5 4 5 10 -2 3 -1 -6 -11 
3 5 4 -6 -7 5 5 8 6 -5 
3 2 5 8 5 -6 -5 5 10 -3 
1 22 8 -6 -1 3 4 24 37 -5 
2 4 33 13 10 6 -20 5 19 -1 
2 9 27 4 3 -9 -22 12 35 -17 
2 8 20 7 17 1 3 -2 -30 -9 
2 15 35 -11 8 46 39 17 -24 91 
3 21 4 27 -41 10 -31 -36 58 -25 
8 28 31 -9 34 -41 15 -16 -10 17 
24 33 13 37 -24 30 -43 45 16 -15 
1 21 7 -10 -6 27 6 50 32 -3 
5 16 21 1 9 16 57 -24 -31 -29 
2 53 55 2 1 3 -49 11 -6 -53 
3 6 55 0 -2 23 72 -23 -60 -25 
3 33 77 -5 0 -6 47 -6 46 -51 
7 9 65 14 11 0 -30 18 13 -35 
9 17 6 -25 -5 10 7 41 22 -13 
9 16 27 1 7 7 41 -33 3 -37 
1 1 5 3 0 2 2 3 5 -4 
1 1 5 1 1 3 -2 4 5 -2 
1 2 1 1 -2 1 5 5 1 0 
1 3 1 0 0 1 -6 -1 7 0 
1 1 1 0 6 2 8 1 0 -3 
1 3 1 -2 2 2 4 7 7 3 
1 3 3 -2 0 5 -1 6 0 -7 
1 1 2 5 1 -2 3 0 9 -1 
1 2 25 -1 -2 -1 -3 25 30 -9 
1 4 18 -1 1 -3 -3 15 24 -7 
1 4 19 1 -2 6 17 -9 3 -3 
1 3 1 -3 -1 1 -3 24 18 -5 
3 7 155 -4 15 3 -12 -123 179 65 
3 12 37 -9 -55 -13 0 -43 98 -1 
3 26 59 20 -13 12 49 29 -17 61 
14 19 5 16 45 38 -15 17 -63 53 
1 3 18 4 6 -1 -7 0 -3 -6 
1 3 19 3 7 0 -2 -4 -11 -8 
1 7 2 2 0 -7 -13 6 23 -4 
1 5 8 1 6 0 11 -2 -17 -10 
1 5 33 -2 7 3 14 -11 -16 7 
1 10 41 0 4 -3 24 -1 4 -3 
1 20 21 -1 -1 9 23 6 7 9 
1 18 33 -1 -1 -1 14 6 19 3 
1 11 20 2 0 -17 -1 10 93 -11 
1 15 9 -6 -8 16 -11 26 20 -33 
5 11 19 4 13 -8 -12 -2 2 -27 
8 3 9 11 15 15 22 -22 -25 -1 
1 2 112 -2 8 1 0 -5 17 5 
3 8 9 2 -9 3 10 1 18 11 
4 4 8 0 6 3 3 -11 22 1 
2 2 7 5 1 2 -9 26 8 15 
1 1 55 1 -7 3 2 10 6 -10 
2 1 1 6 2 -1 2 9 19 4 
1 2 4 -1 -4 10 0 10 3 -8 
5 2 6 -2 -3 8 8 -6 7 2 
5 20 335 -6 -15 14 24 36 47 -91 
5 59 66 29 12 7 -151 11 86 -61 
16 34 15 19 12 -42 60 43 140 51 
7 16 189 12 43 6 36 -45 -147 -59 
1 3 18 -1 3 10 53 -9 -39 -15 
1 2 27 2 16 2 19 -27 -41 3 
1 23 25 -2 0 1 0 6 1 -25 
7 9 9 7 6 -6 6 -12 4 -29 
1 13 9 6 10 0 16 -17 -15 -13 
1 18 17 -3 -4 9 3 9 14 -21 
3 3 64 2 -5 1 -12 19 9 -29 
2 1 81 0 -5 -2 -5 54 72 -19 
1 29 48 0 -1 -2 31 1 9 -9 
1 1 507 2 14 1 -10 -8 127 -7 
8 9 9 0 -3 6 10 3 25 -21 
5 9 1 28 -9 17 -18 -6 22 -17 
1 1 114 1 1 0 14 -47 -64 -35 
1 9 11 -3 -10 18 -12 8 4 -45 
11 1 9 16 -14 9 18 -12 9 -15 
1 7 23 5 4 -5 0 11 -20 -37 
1 2 1 -5 -3 6 2 9 3 3 
1 2 18 1 2 0 -2 -1 -5 -9 
1 2 10 1 -1 -2 -3 4 14 -9 
1 5 2 -1 -2 -4 10 7 17 -1 
1 4 41 -1 -2 11 24 9 -38 -5 
4 3 10 -8 12 10 20 -13 12 -11 
5 9 6 2 -4 -7 -2 20 -1 -15 
1 9 19 2 3 3 25 3 -10 -27 
1 31 4 4 0 -15 -95 21 125 -19 
2 9 49 -5 -14 21 39 6 29 -1 
4 9 23 -16 -3 12 11 41 16 -19 
2 11 115 -2 0 -8 12 24 95 -31 
1 1 1 2 0 0 -3 1 5 -2 
1 2 2 0 -1 -2 3 1 6 -2 
1 1 2 3 -1 1 -3 1 4 -4 
1 1 2 3 0 -1 -1 -1 3 -4 
1 1 9 -1 -1 3 7 -3 -4 -6 
1 1 4 1 1 -2 -5 8 16 -2 
1 2 1 -4 -1 5 -1 8 2 -6 
1 1 10 1 0 -2 -2 5 13 -6 
1 1 1 -4 -4 5 2 6 0 1 
1 3 4 0 -1 -2 -3 1 5 -7 
1 1 3 4 1 -5 0 1 6 -5 
1 1 4 0 1 3 6 -5 -7 -3 
1 1 4 0 -1 2 -3 11 19 1 
1 2 3 0 2 2 -3 14 -3 5 
1 1 16 0 1 2 7 1 -3 9 
1 1 15 -1 0 2 7 4 -7 3 
1 1 1 -2 3 -6 1 5 6 -9 
1 1 3 -3 0 -2 2 0 14 -9 
1 1 5 4 -5 0 -6 -4 -9 -3 
1 1 3 6 1 1 -2 -3 -10 -5 
1 2 5 3 3 1 -1 -5 -3 -5 
1 3 1 0 0 -3 -4 4 8 -3 
2 1 1 2 1 -2 4 5 9 3 
1 3 1 2 4 1 6 -4 -1 -3 
4 5 25 4 0 -12 9 25 70 -10 
3 4 21 22 17 -12 -16 7 17 -6 
9 11 2 -17 -8 -1 3 29 21 -4 
10 4 16 19 5 -12 -7 0 24 -32 
2 7 111 3 7 4 29 -26 -80 -12 
7 19 19 0 3 -8 14 7 9 -34 
3 19 32 0 -8 19 -6 28 -11 -40 
2 32 9 8 15 17 61 -7 6 2 
1 4 2 3 -1 -4 10 -12 65 1 
1 6 1 10 9 -1 -11 0 20 -19 
2 4 9 13 2 -4 -2 -12 21 -11 
2 11 1 3 -4 -4 -3 19 18 -7 
4 28 211 16 26 3 7 -49 -144 -5 
28 18 41 63 -12 13 -45 8 70 -61 
9 24 31 -4 38 7 164 -13 53 -33 
5 13 268 0 -23 17 -23 218 172 -49 
1 2 3 0 -2 5 -16 7 -2 -10 
1 4 7 -2 5 -8 5 3 6 -4 
2 5 7 -3 2 4 -6 -5 -5 8 
1 4 1 1 9 -4 0 1 8 4 
1 2 11 9 -6 24 3 45 1 -18 
3 8 77 2 -1 4 -4 0 -17 -36 
2 6 32 1 -1 -6 -17 40 88 -18 
3 10 27 11 17 -11 -16 9 -5 -18 
14 64 39 95 -15 -100 92 140 340 -78 
12 81 720 -4 -8 0 72 205 -187 -202 
29 77 148 -42 -52 136 75 184 196 58 
39 85 225 -6 -29 -28 7 78 259 -98 
4 70 332 -46 -37 107 85 1132 664 96 
85 93 8 19 310 92 474 -131 -19 -184 
35 143 189 121 -13 -101 -494 145 699 -324 
42 70 640 43 45 116 495 -580 104 0 
7 155 820 -36 -104 67 147 468 236 -570 
1 55 838 -70 -76 49 24 1433 86 -240 
60 141 233 16 -32 -197 -547 311 434 -264 
21 20 427 -4 18 58 959 -497 -882 -20 
13 235 157 369 27 -93 -1227 48 1675 -216 
32 197 185 49 362 127 1641 -521 252 -52 
140 355 39 360 967 86 866 380 39 48 
136 36 233 -119 674 132 948 -624 -146 -914 
3 3 64 2 1 -1 -16 26 25 -25 
4 5 16 6 4 -7 -16 13 22 -15 
4 9 17 0 -11 11 2 6 1 -25 
4 9 10 16 22 9 0 11 -13 11 
1 1 84 1 -5 10 22 12 19 -13 
3 18 26 -2 0 4 -3 6 -7 -17 
8 9 14 2 15 -3 2 12 11 -21 
2 4 64 0 -5 3 2 36 61 -23 
1 2 24 -1 -13 1 10 -29 -25 -7 
1 9 8 -8 -6 1 -15 8 5 -1 
1 6 3 -1 4 -1 -29 3 15 -23 
4 1 15 0 -7 -6 -13 -8 2 -17 
2 13 7 7 17 7 29 -11 -28 1 
1 12 17 -5 -8 12 5 37 29 -11 
2 17 39 1 -6 17 52 -12 34 -5 
4 11 27 2 5 5 13 -13 -22 -29 
1 1 13 -2 -3 5 11 -3 7 -2 
1 2 7 1 5 1 8 -9 -7 -6 
1 2 10 1 2 3 10 -8 -13 -4 
1 4 10 -2 -1 0 1 7 8 -8 
1 3 56 0 2 4 24 -19 -38 -14 
3 8 1 -5 -1 -3 -7 19 22 -8 
3 9 13 -2 -3 3 -9 13 7 -24 
5 5 12 -6 -1 6 20 -12 8 -18 
4 9 36 4 -9 25 47 -14 36 9 
1 52 52 1 2 4 7 -7 -56 -37 
7 16 14 17 16 -4 0 -24 -5 -43 
4 10 57 9 10 2 -25 -9 -14 -29 
2 18 41 19 -2 3 -27 -16 32 5 
4 9 110 2 -5 3 42 2 -61 -9 
6 13 23 13 -13 -16 -6 20 45 15 
3 16 31 16 24 13 0 -15 23 -35 
1 4 1369 0 1 1 15 -58 -81 -52 
2 4 6 2 18 11 105 -17 24 14 
3 14 86 5 9 8 34 -55 -51 -30 
2 22 45 6 16 3 37 -33 -57 -30 
1 9 18 -9 -14 38 18 49 22 20 
6 26 41 18 7 15 -50 3 -8 -42 
1 16 116 2 10 4 72 -59 -87 -30 
9 4 24 4 -8 28 49 -24 4 2 
1 12 51 24 8 -4 -4 -21 81 -18 
4 8 16 -1 5 -2 -9 140 96 -8 
4 37 61 0 -4 21 26 -4 45 -30 
3 2 187 3 -14 11 63 7 -44 -10 
1 4 15 -18 11 -24 11 12 -110 12 
4 3 41 22 25 13 -40 -7 67 -4 
7 3 74 -26 6 3 -30 20 -53 12 
11 16 8 -30 22 14 -13 51 10 28 
1 12 34 3 3 30 52 -24 235 3 
10 9 8 -26 -7 -6 48 47 -5 11 
7 12 18 -14 18 31 -20 1 -27 71 
13 11 16 28 1 -1 52 50 29 35 
1 13 256 1 -12 -36 -94 81 97 -1 
1 7 88 13 16 -7 -90 -24 -185 77 
3 14 14 -20 -76 19 -17 23 -96 77 
1 16 7 7 34 0 -36 -1 -77 -121 
6 8 697 -5 -14 -2 -27 211 266 -141 
4 38 143 21 37 -13 50 -20 -222 -83 
7 18 4 25 -5 -62 -73 18 272 37 
7 20 4 3 54 -8 185 -93 0 -81 
2 25 48 -22 -95 -48 53 32 -140 -169 
6 18 196 29 -65 -66 -9 150 -186 -87 
11 1 34 -9 73 -28 -204 -108 31 -57 
3 37 130 -67 -65 -22 -120 -28 -5 -39 
1 1 3 2 2 4 -3 13 -3 -4 
1 1 21 2 2 1 5 -4 -9 0 
1 4 6 0 -2 4 -4 5 1 -4 
1 3 6 4 1 1 0 3 -5 -4 
3 145 194 1 8 -28 1 3 5 -132 
38 22 36 -36 29 37 119 -80 30 -110 
12 40 85 37 69 -16 -30 23 -84 -60 
32 40 18 -51 -44 40 -18 89 41 -98 
5 97 156 8 -2 37 182 -65 61 -100 
13 16 28 -50 -28 56 12 173 21 42 
7 46 117 23 53 5 13 19 -144 -84 
29 44 54 13 -8 4 -12 20 27 -148 
1 1 308 2 4 1 -10 -13 3 -13 
2 4 20 5 7 -4 -5 -2 8 -13 
4 2 9 -6 2 9 20 -11 10 -11 
1 2 28 9 10 6 -5 9 20 7 
1 16 115 3 4 4 -4 -19 -63 -29 
3 4 23 -9 -17 20 15 26 12 -1 
8 4 44 -13 6 10 18 15 -25 -47 
2 13 48 2 7 2 27 -28 -24 -31 
1 1 8 2 -5 13 8 11 8 13 
1 6 7 -1 -6 7 -2 13 8 -13 
3 5 4 9 10 4 1 -8 -7 -5 
1 9 13 0 -1 5 11 -4 -5 -13 
1 4 3 3 -1 13 5 16 6 -1 
1 2 10 8 3 -6 2 5 19 -5 
1 6 2 7 14 -5 11 0 -2 -7 
1 5 9 10 8 5 -6 -9 -4 -1 
1 16 225 5 13 5 11 -20 -110 -38 
9 24 23 -7 -4 0 -13 35 46 -26 
9 19 2 -20 -15 18 24 53 33 8 
1 27 273 2 1 -2 13 9 35 -54 
1 11 16 0 0 -1 21 12 20 -18 
1 3 10 11 8 -9 17 -3 -15 -16 
2 1 39 -3 11 5 10 -16 1 -18 
4 4 17 12 8 1 -1 2 6 6 
1 32 18 -4 -5 12 -24 29 29 -34 
8 1 16 -18 -11 25 10 24 -8 -34 
4 16 17 11 -1 -8 -28 3 24 -34 
2 16 57 -2 -5 -3 9 9 34 -34 
1 1 16 1 -6 8 9 8 8 6 
2 1 4 2 9 3 14 -12 0 6 
1 2 55 1 3 1 2 -12 -21 -12 
1 8 13 1 3 3 6 -1 -21 -12 
1 30 20 2 -51 -3 55 34 -38 13 
4 11 30 -38 14 -15 19 -23 102 1 
3 28 28 -7 -8 -2 98 -28 59 91 
5 18 38 -22 10 -45 -3 61 -32 37 
1 32 60 36 -59 -133 -89 74 2 91 
18 21 4 33 12 -94 80 -59 -173 65 
5 4 924 7 -25 -14 -55 -280 -710 -9 
21 20 63 5 -75 -96 -106 -11 53 105 
2 19 225 4 -29 7 240 -202 -99 -161 
4 15 130 16 -9 28 126 -55 -352 -195 
9 35 70 -72 -6 25 -92 -157 121 5 
8 16 15 44 57 -15 82 -76 -275 73 
1 2 785 -18 -44 -75 -128 417 421 243 
12 147 57 -2 -52 -119 378 -111 -517 -37 
6 10 196 -60 31 113 -157 -224 378 -303 
13 51 260 -111 -131 71 -127 -144 -94 49 
1 3 1 -3 2 2 3 13 9 5 
1 3 5 -3 -1 2 -1 11 6 -7 
1 8 9 0 -2 2 12 -4 10 -9 
1 3 2 2 1 -5 -8 5 16 -1 
1 1 9 1 -7 5 4 6 3 -5 
1 3 10 -3 -2 3 1 6 -1 -9 
1 7 2 -2 -2 -5 12 8 15 1 
1 4 9 0 2 -1 1 -3 -3 -13 
1 1 106 0 1 1 -4 2 32 -3 
2 1 22 -4 0 4 -3 7 15 3 
2 3 2 2 -2 4 6 7 14 -13 
1 3 1 1 -3 5 12 14 -8 -5 
1 1 3 2 -4 9 4 -11 0 -11 
3 2 1 -4 -3 -4 -4 -2 18 11 
1 1 5 4 -1 12 4 -11 -3 5 
1 2 1 -1 -1 -1 23 -10 -12 1 
1 37 9 -16 1 37 -61 -42 -17 -63 
3 1 10 41 -3 14 10 -9 -101 13 
2 12 51 -15 -9 -16 -90 -11 148 41 
6 5 17 0 17 -20 -89 -49 -61 -3 
1 16 122 12 39 -4 50 7 -257 -73 
1 6 475 -10 -27 11 36 304 -42 -31 
4 11 583 -12 -18 -1 -4 196 127 -19 
17 15 32 9 -10 -44 -52 60 88 -15 
1 3 36 -1 -7 8 5 24 -4 -12 
2 9 20 4 5 -8 -2 0 0 -18 
3 6 23 0 -10 7 6 5 10 -12 
2 6 17 -4 -3 11 24 -4 4 -8 
4 7 36 8 24 9 26 -31 -66 4 
4 15 11 8 32 -6 23 13 -37 -30 
8 3 42 8 -12 17 28 -27 -8 0 
11 9 2 4 12 -13 15 31 46 26 
