-x^5 + x^4 + x - 1:x^3 + 1:4606:1:[82015, 473807, 2209, 334499, 117265, 122717, 44885, 133715, 517]:[(0, -1, 1, -191986, 32389771), (1, 1, 1, -114309, -15098092), (1, 1, 1, 2163, 232460), (1, 1, 1, -139809478, -620535068370), (1, 1, 1, -203731, -3525806), (0, -1, 1, -149948, -21589425), (0, -1, 1, -3936, -114833), (0, -1, 1, -6202206, -15043287963), (0, -1, 1, 36, -3)]:[0, 0, 0, 0, 0, 0, 0, 0, 0]:
-5*x^4 - 3*x^3 + 30*x^2 + 5*x:x^3 + x^2 + x + 1:5696:1:[167498, 459418, 178]:[(1, 1, 0, -128222, -13733900), (1, 1, 0, -1659614, -483095102), (1, 1, 0, -684, 6608)]:[0, 0, 0]:
x^5 - 3*x^3 + x^2 + 2*x - 1:x^3:5696:1:[167498, 459418, 178]:[(1, 1, 0, -128222, -13733900), (1, 1, 0, -1659614, -483095102), (1, 1, 0, -684, 6608)]:[0, 0, 0]:
-3*x^4 + 2*x^2 + x:x^3 + x + 1:6076:1:[53878, 384338, 12214, 53878, 41974, 1922, 73594, 6572, 9796, 62, 4898, 110174, 240374, 335854, 123628, 339202, 11966, 129022, 42284, 23188, 159898, 1178, 1922]:[(1, -1, 1, -56280432, 162519355603), (1, -1, 1, 45939, 1599125), (1, -1, 1, 47304, 10666427), (1, -1, 1, -94617, -17280827), (1, -1, 1, -7851, 500347), (1, -1, 1, -73354752, -241800700097), (1, -1, 1, -16301133, -25328235531), (0, 0, 0, 617, 7070), (0, 0, 0, -2287, -38618), (1, -1, 1, -21, 41), (1, -1, 1, -48728476146, 4140222075962097), (1, -1, 1, -22870587, -42667507797), (1, -1, 1, -303606, -64309263), (1, -1, 1, -90603, 76857659), (0, 0, 0, -20666008, 36160381460), (1, -1, 1, -6242688, 5744934819), (1, -1, 1, -139191, -19528945), (1, -1, 1, -34302, -3324787), (0, 0, 0, -476656, -129292940), (0, 0, 0, 12449, -2161194), (1, -1, 1, 62726634, -719943856859), (1, -1, 1, -936, -10805), (1, -1, 1, -68892, 4028767)]:[0, 0, 0, 0, 0, 0, 0, 0, 0, 0, 0, 0, 0, 0, 0, 0, 0, 0, 0, 0, 0, 0, 0]:
x^5 - 7*x^4 - 10*x^3 + 48*x^2 + 44*x - 139:x^3:6076:1:[190526, 78554, 434]:[(1, 0, 0, -387006, -92699192), (1, 0, 0, 8060, -333296), (1, 0, 0, -139, 465)]:[1, 1, 1]:
-x^3 - x^2 + 2*x + 2:x^3 + x^2 + 1:7100:1:[13987, 465902, 437573, 12638, 8662, 1349, 60989, 174163, 356278, 188789, 142, 288118, 95779]:[(0, 0, 1, -1634, 23603), (1, -1, 0, -175574, 28418524), (0, 0, 1, -34116722, -76694279069), (1, -1, 0, -14876, 701712), (1, -1, 0, 5620, -818736), (0, 0, 1, 29362, -123483), (0, 0, 1, -9950798, -12081892825), (0, 0, 1, 185236, -246381376), (1, -1, 0, -91962206, -2205444238828), (0, 0, 1, -11378, -661510), (1, -1, 0, -41, -91), (1, -1, 0, -1005004064, 12266321777664), (0, 0, 1, -1431644, 667056626)]:[0, 0, 0, 0, 0, 0, 0, 0, 0, 0, 0, 0, 0]:
x^5 - 3*x^3 - x^2 + x:x^3 + x + 1:12700:2:[18034, 32258, 288163, 154051, 285242, 5842, 498221, 84709, 202438]:[(1, -1, 0, -1174, -11236), (1, -1, 0, -1664311, -202821923), (0, 0, 1, -46828, -3844060), (0, 0, 1, -7954, 88968), (1, -1, 0, 10700, -494136), (1, -1, 0, -21421, -1249755), (0, 0, 1, 22058, 814946), (0, 0, 1, -1462618, 663963705), (1, -1, 0, -194506, 34218740)]:[1, 1, 1, 1, 1, 1, 1, 1, 1]:
x^5 - 3*x^4 + 2*x^3 - x + 1:x:13622:1:[86041, 347639, 311777, 425479, 320951]:[(0, -1, 1, 2874, -85172), (0, -1, 1, -969296, -366986132), (1, 1, 0, 14796, -151553), (1, 1, 0, 2720666, -678173985), (1, 1, 0, -49433, 4274374)]:[0, 0, 0, 0, 0]:
-x^4 - x^3 - x^2 - 2*x - 1:x^3:14912:1:[466, 193390]:[(1, 1, 0, -15, 11), (1, 1, 0, 1922, -4237468)]:[0, 0]:
x^6 - 2*x^5 + 2*x^4 - 5*x^3 + 4*x^2 + 1:x:23200:1:[17168, 72848, 3248, 106256]:[(0, -1, 0, -2081, -35507), (0, -1, 0, -121200, 25339808), (0, -1, 0, 76, -352), (0, -1, 0, -16940, 850768)]:[1, 1, 1, 1]:
-2*x^2 - 4*x - 2:x^3 + x + 1:23324:1:[173740, 337246, 464338, 118286, 238, 284410, 31892, 57358, 30940]:[(0, -1, 0, -18203361, 29899487686), (1, 1, 1, 53728, 5986167), (1, 1, 1, -375998, -88901237), (1, 1, 1, -1217014, 513917683), (1, 1, 1, -28, -5), (1, 1, 1, -1923183821, -19476432973757), (0, -1, 0, -6417, -195674), (1, 1, 1, 443051, 224439483), (0, -1, 0, -1040508901, -12918273942990)]:[0, 0, 0, 0, 0, 0, 0, 0, 0]:
-2*x^4 - 3*x^3 + x^2 + x:x^3 + x:24560:1:[69689]:[(0, 0, 1, -1279, -53497)]:[0]:
x^6 - 4*x^4 - 2*x^3 + 5*x^2 + 5*x + 1:1:28100:2:[427682, 155674, 562]:[(1, 1, 0, -147364, -17643568), (1, 1, 0, -16741977, -26373902875), (1, 1, 0, 16, 20)]:[0, 0, 0]:
-3*x^4 + 4*x^2 + x:x^3 + x + 1:28900:2:[105485, 287555, 4046, 63002, 156349, 20230, 20230, 6358, 14450, 14450, 158950, 495346, 15317, 401710, 158950, 2890, 80342, 96526, 1445, 79186, 350557, 392462, 106930, 106930, 63002, 79186, 3179, 83810, 83810, 4046, 40460, 398531, 106930, 246806, 332350, 2890, 499970, 2890, 332350, 499970, 2890, 89590, 42194, 42194, 10693, 357782, 42194, 441014, 113866, 280619, 298826, 249118, 134963, 210970, 114155, 210970, 210970, 31501, 45662, 31790, 45662, 45662, 94214, 281197, 451418, 34102, 153170, 139298, 47107, 47107, 421651, 309230, 47974, 66470]:[(0, -1, 1, -101161, -11828608), (0, -1, 1, 325029, -515205323), (1, 1, 0, -10265, -332419), (1, 1, 0, -331344, -69127424), (0, -1, 1, -281293, -56004553), (1, 1, 0, -85813, 9639917), (1, 1, 0, -210542, 34877896), (1, 1, 0, -43500, -7884856), (1, 1, 0, -21825, 1487125), (1, 1, 0, -150, -8450), (1, 1, 0, -1425, 18325), (1, 1, 0, -8021, -543763), (0, -1, 1, -201529, -34752938), (1, 1, 0, -3013842, 528863284), (1, 1, 0, 35975, 2411925), (1, 1, 0, -737967, 243696869), (1, 1, 0, -155054, 34095284), (1, 1, 0, 141749, -13346667), (0, -1, 1, -11, -8), (1, 1, 0, -122807810, 498616580852), (0, -1, 1, -704389, -223554037), (1, 1, 0, -73845, 14096773), (1, 1, 1, -1524481, -725122961), (1, 1, 1, -1518701, -730886777), (1, 1, 0, -16002231866, -779152859678572), (1, 1, 0, -22189570, -30373754124), (0, -1, 1, 3083, 129940), (1, 1, 0, -9517, -403411), (1, 1, 0, -252, 3824), (1, 1, 0, 1295, -29547), (0, -1, 0, -191346, -181038979), (0, -1, 1, -252393, 69889627), (1, 1, 0, -6234747, 6550872751), (1, 1, 0, -809350, 246087188), (1, 1, 0, -11906950, 18436385300), (1, 1, 0, -714847, 259709781), (1, 1, 0, -2310127, -1298768959), (1, 1, 0, -728, 31432), (1, 1, 0, -274700, -44933500), (1, 1, 0, -8008131772, 275828841957584), (1, 1, 0, 3, -1), (1, 1, 0, -113727, 14637781), (1, 1, 0, -170966, 27772372), (1, 1, 0, -6865, 218517), (0, -1, 1, -6743, -204144), (1, 1, 0, -115750, -121076908), (1, 1, 0, 106780, -2925616), (1, 1, 0, -4220706, 3455466868), (1, 1, 0, -2734, 19124), (0, -1, 1, 152207, 18582590), (1, 1, 0, -2815536410, -57504084421676), (1, 1, 0, -1967951, 1100024677), (0, -1, 1, 44121, -9180773), (1, 1, 0, -471798, 96119308), (0, -1, 1, -154711, -24588808), (1, 1, 0, 27883, -3259411), (1, 1, 1, -105491, -13223481), (0, -1, 1, -249, -1113), (1, 1, 0, -23559, -427211), (1, 1, 0, -25582, 1579316), (1, 1, 0, -405, -3707), (1, 1, 0, -127021, 384079197), (1, 1, 0, -102456, 5910848), (0, -1, 1, -73213, 2606959), (1, 1, 0, -2061876, 1032073552), (1, 1, 0, -7925686, -8592318892), (1, 1, 0, 9557, -1766403), (1, 1, 0, -624679, 206912949), (0, -1, 1, -213089, 51279183), (0, -1, 1, 57, 1675), (0, -1, 1, 160877, 48249307), (1, 1, 0, -15467, 14077699), (1, 1, 0, 115450, 132595732), (1, 1, 0, 19502, -3399539148)]:[1, 1, 1, 1, 1, 1, 0, 1, 0, 0, 0, 1, 1, 0, 0, 0, 1, 1, 1, 1, 1, 1, 0, 0, 1, 1, 1, 0, 0, 1, 0, 1, 0, 1, 0, 0, 0, 1, 0, 0, 0, 0, 1, 1, 1, 1, 1, 1, 1, 1, 1, 1, 1, 1, 1, 0, 2, 1, 1, 0, 1, 1, 1, 1, 1, 1, 1, 1, 1, 1, 1, 0, 1, 1]:
x^6 - x^5 - 3*x^4 + 3*x^2 + 2*x - 4:x^2 + x + 1:28900:1:[94214, 281197, 287555, 392462, 430610, 287555, 4046, 239870, 47107, 4046, 2890, 246806, 170510, 45662, 235535, 80342, 10693, 135830, 441014]:[(1, 1, 0, -102456, 5910848), (0, -1, 1, -73213, 2606959), (0, -1, 1, 24469, 168666), (1, 1, 0, -73845, 14096773), (1, 1, 0, 10394602, -8706069292), (0, -1, 1, 325029, -515205323), (1, 1, 0, -10265, -332419), (1, 1, 0, -242043, -46489187), (0, -1, 1, -213089, 51279183), (1, 1, 0, 1295, -29547), (1, 1, 0, 6497, -811003), (1, 1, 0, -809350, 246087188), (1, 1, 0, 269487, 91634317), (1, 1, 0, -23559, -427211), (0, -1, 1, -284761, -58445158), (1, 1, 0, -155054, 34095284), (0, -1, 1, -6743, -204144), (1, 1, 0, -1834433, 653387893), (1, 1, 0, -4220706, 3455466868)]:[1, 1, 1, 1, 1, 1, 1, 1, 1, 1, 1, 1, 1, 1, 1, 1, 1, 1, 1]:
-x^6 - 2*x^4 - x^3 - x^2 - x:1:32704:1:[497714, 142058]:[(1, 0, 1, -7156468, 7488903154), (1, 0, 1, -3872, 495726)]:[0, 0]:
x^5 + x^4 - 5*x^3 - 2*x^2 + 4*x + 2:0:47360:1:[13690, 370, 26270]:[(1, -1, 0, -857935, 203970925), (1, -1, 0, -25, -39), (1, -1, 0, -160420, 24770800)]:[1, 1, 1]:
x^5 - 3*x^3 - 5*x^2 - 4*x + 15:x^3 + 1:51250:1:[125665, 205, 478265, 92455, 40795]:[(1, 1, 1, -23052496, -42360531152), (1, 1, 1, -16, -62), (1, 1, 1, -18716, 843204), (1, 1, 1, -1161606, 481520834), (0, -1, 1, -38716, -2919293)]:[0, 0, 0, 0, 0]:
x^5 + 6*x^4 + 13*x^3 + 37*x^2 + 38*x + 59:x^3:53312:1:[7378, 150178, 66878, 5474, 424354, 7378, 203966, 494326, 238, 61166]:[(1, 1, 0, 37783603, 238345836253), (1, 1, 0, -1523602, 723233588), (1, 1, 0, -463361, 121207205), (1, 1, 0, -21301, -986829), (1, 1, 0, -575561, -168309355), (1, 1, 0, -527, -4913), (1, 1, 0, -1451061, -667206995), (1, 1, 0, -382651181, -1358096841955), (1, 1, 0, 32, 0), (1, 1, 0, -131421, 19598845)]:[0, 0, 0, 0, 0, 0, 0, 0, 0, 0]:
-x^4 + x^3 - 2*x^2 + x:x^3 + x^2 + x + 1:57536:2:[55738]:[(1, 0, 1, -6468992, -6333442178)]:[1]:
x^6 + 2*x^4 - x^3 + 2*x^2 - 3*x + 1:0:64768:2:[27830, 330418]:[(1, 1, 0, 8347, 215857), (1, 1, 0, 756, 1149296)]:[0, 0]:
x^6 - 2*x^5 + 3*x^4 - 2*x^3 + x - 1:1:64876:2:[219122, 4634, 481274]:[(1, 0, 1, -14354774, 21185735944), (1, 0, 1, -214, -1356), (1, 0, 1, 18412, 1482610)]:[1, 1, 1]:
x^4 - x^3 - x^2 + 2*x - 1:x^3:70208:1:[2194]:[(1, 0, 1, -34, -6)]:[0]:
x^5 - x^3 - 3*x^2 - 2*x - 1:x^3:76352:1:[2386]:[(1, 0, 1, 60, 146)]:[0]:
-x^4 - 2*x^2 + 3*x - 2:x^3 + x + 1:78596:1:[802]:[(1, 0, 0, -19, 15)]:[0]:
2*x^5 + 3*x^4 - 6*x^3 - 2*x^2 + 4*x - 1:x^3:79600:2:[6965]:[(1, 1, 0, -9142, 332661)]:[1]:
-2*x^4 - 2*x^3 - x^2 - 2*x - 1:x^3:79600:1:[995, 150245, 257705]:[(1, 0, 1, -23, 33), (0, 1, 1, -251540, -48894944), (0, 1, 1, 48890, 19664496)]:[0, 0, 0]:
x^5 - x^4 - 7*x^3 - 7*x^2:x^3 + x + 1:84476:2:[184468, 109474, 371522, 862]:[(0, -1, 0, -32289, -2224370), (1, 1, 1, 5896, 7598137), (1, 1, 1, 1667979, -2195940659), (1, 1, 1, 15380, -102531)]:[1, 1, 1, 1]:
x^6 - 7*x^4 - 2*x^3 + 12*x^2 + 2*x - 7:x + 1:84476:1:[39221, 12499, 302131]:[(1, 0, 1, 8637, 125927), (1, 0, 1, -329, -3995), (0, 1, 1, -10132, -80734)]:[0, 0, 0]:
-x^5 - 3*x^3 + x^2 + x:x^3 + x + 1:91324:2:[287086, 155156, 168902, 158, 310628, 158]:[(1, 1, 1, -28421644, 58308014751), (0, -1, 0, -4089, -192266), (1, 1, 1, 201385, 269921773), (1, 1, 1, -23380, -1385691), (0, -1, 0, 1414, 467653), (1, 1, 1, -9, 5)]:[0, 0, 0, 0, 0, 0]:
-5*x^4 + 7*x^3 - 2*x^2 + 2*x + 2:x^3 + x + 1:92500:2:[31450, 259925, 24050, 1850]:[(1, -1, 0, -697117, 226417541), (0, 0, 1, -239500, -43564844), (1, -1, 0, -292282, 60893676), (1, -1, 0, -13657, -610899)]:[1, 1, 1, 1]:
x^6 - 4*x^5 + 10*x^4 - 8*x^3 + x:1:102884:2:[229709, 89, 148363, 326363, 293077]:[(0, -1, 1, -77311600, 261671953490), (1, 1, 0, 4, 5), (0, -1, 1, -5964, -339144), (1, 1, 0, -3048318, 2047242205), (1, 1, 0, -249676, -681191391)]:[0, 0, 0, 0, 0]:
2*x^6 - 3*x^4 + 2*x^2 - x:1:121600:2:[12350, 411350, 29450, 38950, 466450, 12350, 301150, 348650, 200450, 297350, 103550]:[(1, -1, 0, -554942, 157486466), (1, -1, 0, -18179192, 29849809216), (1, -1, 0, -317, 1972341), (1, -1, 0, 15508, 752666), (1, -1, 0, -1074692, -428532534), (1, -1, 0, -1581992, 2324036416), (1, -1, 0, 2431232308, -753535988784), (1, -1, 0, 6058, -2535534), (1, -1, 0, 256564558, 720006261716), (1, -1, 0, -398504567, 3082032711341), (1, -1, 0, -74834192, -249152710784)]:[0, 0, 0, 0, 0, 0, 0, 0, 0, 0, 0]:
2*x^6 - x^4 - 2*x^3 + x:1:131840:2:[322390, 338870, 112270]:[(1, -1, 0, 2609735, -806419), (1, -1, 0, -954520, -303934704), (1, -1, 0, -11740, -199450)]:[0, 0, 0]:
2*x^5 + x^4 - x:x^3 + x + 1:147500:2:[333350, 2950]:[(1, 1, 0, -209125, -194221875), (1, 1, 0, 0, 40)]:[1, 1]:
-2*x^2 - 4*x - 2:x^3:153856:1:[181502, 1202]:[(1, -1, 0, -3210533, 2383103765), (1, -1, 0, -23, 19)]:[0, 0]:
-x^5 - 3*x^4 - 3*x^3 + x^2 + x:x^3 + x + 1:169375:2:[1355]:[(1, 1, 1, -21, 14)]:[0]:
x^6 - 4*x^5 - 10*x^4 + 38*x^3 + 37*x^2 - 57*x + 15:1:170852:2:[9178, 89662, 67070]:[(1, 1, 0, -709, -8851), (1, 1, 0, -153646, 23090868), (1, 1, 0, 31417, -43890127)]:[1, 1, 1]:
x^5 + 2*x^4 + x^3 - 4*x^2 - 6*x - 4:x:176498:1:[12607]:[(1, -1, 0, -593, 5936)]:[0]:
x^5 - 2*x^4 + 3*x^3 - 3*x^2 + 2*x - 1:x^3:183872:2:[407966, 442]:[(1, 1, 0, -1326484, -588586032), (1, 1, 0, 26, -540)]:[0, 0]:
x^5 - 2*x^3 - 5*x^2 - 4*x - 2:x^3:213248:1:[25024, 1088, 129472, 116416]:[(0, -1, 0, -4897, 133577), (0, -1, 0, 63, 65), (0, -1, 0, -268577, -53537143), (0, -1, 0, -3965, -99059)]:[0, 0, 0, 0]:
2*x^2 - 4*x + 2:x^3:219392:1:[1714]:[(1, -1, 0, -7, -57)]:[1]:
x^5 - x^3 + 5*x^2 + 6*x - 1:x^3:222656:1:[101104, 1136, 223792, 144272, 69296, 76112, 162448]:[(0, 0, 0, -238019, -44671550), (0, 0, 0, -659, 6482), (0, 0, 0, -26144, -1510608), (0, 0, 0, -74843, -3461366), (0, 0, 0, 89917, 52309186), (0, 0, 0, 1408, -118160), (0, 0, 0, -44243, -9186414)]:[0, 0, 0, 0, 0, 0, 0]:
-2*x^4 - 4*x^3 - 6*x^2 - 4*x - 2:x^3:264448:1:[2066]:[(1, -1, 0, 64, -48)]:[0]:
2*x^5 + 4*x^4 + 6*x^3 + 6*x^2 + 4*x + 2:x^3:268544:2:[2098, 39862]:[(1, 1, 0, 64, 80), (1, 1, 0, -15813131, 24196730941)]:[0, 0]:
-x^6 + 2*x^4 - 5*x^3 + 4*x^2 - 2*x:1:279104:2:[1424, 376025]:[(0, 1, 0, 56, -204), (1, 0, 1, 14699, 956373)]:[1, 1]:
2*x^4 - 3*x^3 + 6*x^2 - 4*x + 3:x^3:314432:1:[3536, 176528, 272, 189584, 50864, 10064, 274448]:[(0, 0, 0, -187483, -31245750), (0, 0, 0, 37253, -31453462), (0, 0, 0, -91, 330), (0, 0, 0, -289867, 90369722), (0, 0, 0, 78608, 4009008), (0, 0, 0, -3376, -74576), (0, 0, 0, -4959451, -4252698806)]:[1, 1, 1, 1, 1, 1, 1]:
x^5 + x^4 + 3*x^3 - 2*x:x^3 + x^2 + x + 1:373184:1:[9758, 166838, 19754, 25466, 306782, 31654, 21182, 308686, 238]:[(1, -1, 0, -20228, -1923040), (1, -1, 0, -3674267885, -85731426847067), (1, -1, 0, -533, -907019), (1, -1, 0, 11356, 331856), (1, -1, 0, -3560639, 4395522957), (1, -1, 0, -111239, -14267219), (1, -1, 0, -719633, 235151245), (1, -1, 0, -137870, 21516628), (1, -1, 0, -8, 6)]:[1, 1, 1, 1, 1, 1, 1, 1, 1]:
2*x^4 - 4*x^3 + 6*x^2 - 4*x + 2:x^3:403712:2:[3154]:[(1, -1, 0, -118, 420)]:[0]:
3*x^4 + 2*x^2 + x:x^3 + x + 1:408068:1:[706, 322642, 37418]:[(1, -1, 1, 3, -25), (1, -1, 1, -143973, 25874845), (1, -1, 1, -1016769, -394596015)]:[1, 1, 1]:
-2*x^4 - x^3 - 4*x^2 - 4*x - 1:x^3:436672:1:[13646]:[(1, 0, 1, -541, -3144)]:[0]:
2*x^4 - 2*x^3 + 2*x^2 - 4*x + 2:x^3:440576:2:[3442]:[(1, 1, 0, -46, -54)]:[0]:
