1 2 91 0 0 0 0 0 0 -17
2 7 13 0 0 0 0 0 0 -17
1 7 26 0 0 0 0 0 0 -17
1 13 14 0 0 0 0 0 0 -17
1 7 93 0 0 0 0 0 0 -26
1 3 217 0 0 0 0 0 0 -26
1 21 31 0 0 0 0 0 0 -26
3 7 31 0 0 0 0 0 0 -26
1 9 2107 0 0 0 0 0 0 -80
9 43 49 0 0 0 0 0 0 -80
1 43 441 0 0 0 0 0 0 -80
1 49 387 0 0 0 0 0 0 -80
1 7 268 0 0 0 0 0 0 -37
1 4 469 0 0 0 0 0 0 -37
1 28 67 0 0 0 0 0 0 -37
4 7 67 0 0 0 0 0 0 -37
1 7 515 0 0 0 0 0 0 -46
1 5 721 0 0 0 0 0 0 -46
1 35 103 0 0 0 0 0 0 -46
5 7 103 0 0 0 0 0 0 -46
1 3 1838 0 0 0 0 0 0 -53
1 2 2757 0 0 0 0 0 0 -53
1 6 919 0 0 0 0 0 0 -53
2 3 919 0 0 0 0 0 0 -53
1 26 237 0 0 0 0 0 0 -55
1 6 1027 0 0 0 0 0 0 -55
2 39 79 0 0 0 0 0 0 -55
3 13 158 0 0 0 0 0 0 -55
1 7 163805 0 0 0 0 0 0 -314
1 5 229327 0 0 0 0 0 0 -314
1 35 32761 0 0 0 0 0 0 -314
5 7 32761 0 0 0 0 0 0 -314
1 13 679 0 0 0 0 0 0 -62
1 7 1261 0 0 0 0 0 0 -62
1 91 97 0 0 0 0 0 0 -62
7 13 97 0 0 0 0 0 0 -62
196 70 127 0 0 0 0 0 0 -361
98 140 127 0 0 0 0 0 0 -361
49784 5 7 0 0 0 0 0 0 -361
686 2540 1 0 0 0 0 0 0 -361
1 25 17101 0 0 0 0 0 0 -226
25 49 349 0 0 0 0 0 0 -226
1 49 8725 0 0 0 0 0 0 -226
1 349 1225 0 0 0 0 0 0 -226
4 294 313 0 0 0 0 0 0 -215
122696 1 3 0 0 0 0 0 0 -215
1252 6 49 0 0 0 0 0 0 -215
3756 2 49 0 0 0 0 0 0 -215
1 16 6769 0 0 0 0 0 0 -143
1 7 15472 0 0 0 0 0 0 -143
1 112 967 0 0 0 0 0 0 -143
7 16 967 0 0 0 0 0 0 -143
1 49 64387 0 0 0 0 0 0 -440
49 67 961 0 0 0 0 0 0 -440
1 67 47089 0 0 0 0 0 0 -440
1 961 3283 0 0 0 0 0 0 -440
1 57 796 0 0 0 0 0 0 -107
3 4 3781 0 0 0 0 0 0 -107
1 76 597 0 0 0 0 0 0 -107
12 19 199 0 0 0 0 0 0 -107
1 21 2284 0 0 0 0 0 0 -109
1 12 3997 0 0 0 0 0 0 -109
3 28 571 0 0 0 0 0 0 -109
4 7 1713 0 0 0 0 0 0 -109
1 35 746 0 0 0 0 0 0 -89
1 10 2611 0 0 0 0 0 0 -89
5 14 373 0 0 0 0 0 0 -89
2 7 1865 0 0 0 0 0 0 -89
1 5 5582 0 0 0 0 0 0 -91
1 2 13955 0 0 0 0 0 0 -91
1 10 2791 0 0 0 0 0 0 -91
2 5 2791 0 0 0 0 0 0 -91
1521 6 463 0 0 0 0 0 0 -485
4167 6 169 0 0 0 0 0 0 -485
1408446 1 3 0 0 0 0 0 0 -485
12501 2 169 0 0 0 0 0 0 -485
1 77 481 0 0 0 0 0 0 -100
7 13 407 0 0 0 0 0 0 -100
1 143 259 0 0 0 0 0 0 -100
11 37 91 0 0 0 0 0 0 -100
31 4986 1 0 0 0 0 0 0 -161
9 17174 1 0 0 0 0 0 0 -161
1 554 279 0 0 0 0 0 0 -161
9 31 554 0 0 0 0 0 0 -161
9 17822 1 0 0 0 0 0 0 -163
171 134 7 0 0 0 0 0 0 -163
1206 19 7 0 0 0 0 0 0 -163
171 938 1 0 0 0 0 0 0 -163
938 19 9 0 0 0 0 0 0 -163
22914 1 7 0 0 0 0 0 0 -163
9 2546 7 0 0 0 0 0 0 -163
19 8442 1 0 0 0 0 0 0 -163
2 133 603 0 0 0 0 0 0 -163
134 63 19 0 0 0 0 0 0 -163
2394 67 1 0 0 0 0 0 0 -163
67 266 9 0 0 0 0 0 0 -163
63 2546 1 0 0 0 0 0 0 -163
18 8911 1 0 0 0 0 0 0 -163
171 67 14 0 0 0 0 0 0 -163
603 14 19 0 0 0 0 0 0 -163
342 469 1 0 0 0 0 0 0 -163
9 469 38 0 0 0 0 0 0 -163
11457 2 7 0 0 0 0 0 0 -163
18 7 1273 0 0 0 0 0 0 -163
4221 19 2 0 0 0 0 0 0 -163
67 63 38 0 0 0 0 0 0 -163
126 1273 1 0 0 0 0 0 0 -163
603 266 1 0 0 0 0 0 0 -163
1197 67 2 0 0 0 0 0 0 -163
18 133 67 0 0 0 0 0 0 -163
1 80199 2 0 0 0 0 0 0 -163
9 8911 2 0 0 0 0 0 0 -163
67 342 7 0 0 0 0 0 0 -163
603 38 7 0 0 0 0 0 0 -163
2 469 171 0 0 0 0 0 0 -163
18 19 469 0 0 0 0 0 0 -163
11457 14 1 0 0 0 0 0 0 -163
14 1273 9 0 0 0 0 0 0 -163
4221 38 1 0 0 0 0 0 0 -163
126 67 19 0 0 0 0 0 0 -163
63 1273 2 0 0 0 0 0 0 -163
133 1206 1 0 0 0 0 0 0 -163
1197 134 1 0 0 0 0 0 0 -163
9 134 133 0 0 0 0 0 0 -163
32 13 2149 0 0 0 0 0 0 -289
2912 307 1 0 0 0 0 0 0 -289
32 7 3991 0 0 0 0 0 0 -289
9824 13 7 0 0 0 0 0 0 -289
13 31 151 0 0 0 0 0 0 -118
403 151 1 0 0 0 0 0 0 -118
1 1963 31 0 0 0 0 0 0 -118
13 4681 1 0 0 0 0 0 0 -118
1 14 5167 0 0 0 0 0 0 -125
5167 2 7 0 0 0 0 0 0 -125
1 2 36169 0 0 0 0 0 0 -125
1 7 10334 0 0 0 0 0 0 -125
5419 14 1 0 0 0 0 0 0 -127
7 10838 1 0 0 0 0 0 0 -127
1 37933 2 0 0 0 0 0 0 -127
2 5419 7 0 0 0 0 0 0 -127
1 195 457 0 0 0 0 0 0 -134
13 2285 3 0 0 0 0 0 0 -134
3 5941 5 0 0 0 0 0 0 -134
13 1371 5 0 0 0 0 0 0 -134
52 1 7278 0 0 0 0 0 0 -217
24 1 15769 0 0 0 0 0 0 -217
52 3 2426 0 0 0 0 0 0 -217
4 78 1213 0 0 0 0 0 0 -217
42484 1 5 0 0 0 0 0 0 -179
380 13 43 0 0 0 0 0 0 -179
76 65 43 0 0 0 0 0 0 -179
3268 5 13 0 0 0 0 0 0 -179
3268 65 1 0 0 0 0 0 0 -179
988 43 5 0 0 0 0 0 0 -179
43 4940 1 0 0 0 0 0 0 -179
16340 13 1 0 0 0 0 0 0 -179
5 2236 19 0 0 0 0 0 0 -179
76 13 215 0 0 0 0 0 0 -179
19 2795 4 0 0 0 0 0 0 -179
4 559 95 0 0 0 0 0 0 -179
215 988 1 0 0 0 0 0 0 -179
20 1 10621 0 0 0 0 0 0 -179
52 43 95 0 0 0 0 0 0 -179
19 260 43 0 0 0 0 0 0 -179
20 817 13 0 0 0 0 0 0 -179
65 817 4 0 0 0 0 0 0 -179
172 247 5 0 0 0 0 0 0 -179
1235 172 1 0 0 0 0 0 0 -179
52 4085 1 0 0 0 0 0 0 -179
860 19 13 0 0 0 0 0 0 -179
247 215 4 0 0 0 0 0 0 -179
20 559 19 0 0 0 0 0 0 -179
19 11180 1 0 0 0 0 0 0 -179
2236 95 1 0 0 0 0 0 0 -179
4 53105 1 0 0 0 0 0 0 -179
4 10621 5 0 0 0 0 0 0 -179
172 95 13 0 0 0 0 0 0 -179
172 19 65 0 0 0 0 0 0 -179
52 817 5 0 0 0 0 0 0 -179
260 817 1 0 0 0 0 0 0 -179
20 247 43 0 0 0 0 0 0 -179
1235 43 4 0 0 0 0 0 0 -179
4 13 4085 0 0 0 0 0 0 -179
52 19 215 0 0 0 0 0 0 -179
860 247 1 0 0 0 0 0 0 -179
76 559 5 0 0 0 0 0 0 -179
2795 76 1 0 0 0 0 0 0 -179
380 559 1 0 0 0 0 0 0 -179
1 1580 139 0 0 0 0 0 0 -181
43924 5 1 0 0 0 0 0 0 -181
316 1 695 0 0 0 0 0 0 -181
316 139 5 0 0 0 0 0 0 -181
1 119 1093 0 0 0 0 0 0 -152
7 17 1093 0 0 0 0 0 0 -152
18581 7 1 0 0 0 0 0 0 -152
7651 17 1 0 0 0 0 0 0 -152
1159 157 1 0 0 0 0 0 0 -170
1 19 9577 0 0 0 0 0 0 -170
157 61 19 0 0 0 0 0 0 -170
1 61 2983 0 0 0 0 0 0 -170
1417 1 133 0 0 0 0 0 0 -172
133 13 109 0 0 0 0 0 0 -172
109 1729 1 0 0 0 0 0 0 -172
1 13 14497 0 0 0 0 0 0 -172
333 1 3748 0 0 0 0 0 0 -323
36 37 937 0 0 0 0 0 0 -323
4 9 34669 0 0 0 0 0 0 -323
8433 148 1 0 0 0 0 0 0 -323
36 35317 1 0 0 0 0 0 0 -325
317853 4 1 0 0 0 0 0 0 -325
9 141268 1 0 0 0 0 0 0 -325
9 4 35317 0 0 0 0 0 0 -325
374464 1 19 0 0 0 0 0 0 -577
187232 38 1 0 0 0 0 0 0 -577
3557408 2 1 0 0 0 0 0 0 -577
93616 76 1 0 0 0 0 0 0 -577
1813 2 3031 0 0 0 0 0 0 -667
5495203 1 2 0 0 0 0 0 0 -667
433 49 518 0 0 0 0 0 0 -667
49 259 866 0 0 0 0 0 0 -667
2308 3971 2 0 0 0 0 0 0 -791
9165068 2 1 0 0 0 0 0 0 -791
31768 577 1 0 0 0 0 0 0 -791
3971 4 1154 0 0 0 0 0 0 -791
65 169 3749 0 0 0 0 0 0 -1036
358111 23 5 0 0 0 0 0 0 -1036
1 1495 27547 0 0 0 0 0 0 -1036
1 3887 10595 0 0 0 0 0 0 -1036
21 12097 1 0 0 0 0 0 0 -190
12097 3 7 0 0 0 0 0 0 -190
84679 3 1 0 0 0 0 0 0 -190
1 7 36291 0 0 0 0 0 0 -190
2321 122 1 0 0 0 0 0 0 -197
141581 1 2 0 0 0 0 0 0 -197
4642 1 61 0 0 0 0 0 0 -197
2321 61 2 0 0 0 0 0 0 -197
1 11 26534 0 0 0 0 0 0 -199
13267 1 22 0 0 0 0 0 0 -199
145937 1 2 0 0 0 0 0 0 -199
2 11 13267 0 0 0 0 0 0 -199