1 4 27 -1 1 -3 1 12 22 -9
1 1 74 1 0 2 9 -30 -20 -5
1 1 1 0 10 1 13 2 5 -7
1 1 62 5 8 1 -10 5 16 -3
1 54 231 0 -1 0 36 -15 31 -69
1 1 745 -1 0 8 112 -138 -73 -23
3 14 29 -7 -23 49 29 41 18 -5
1 1 34 1 0 -2 -9 42 88 -7
1 8 1 1 1 -9 -1 12 46 3
2 4 3 -3 -10 10 4 12 6 0
4 9 9 1 -3 -1 -8 6 9 -22
8 3 8 -12 0 9 16 -7 2 -20
3 3 54 -10 -17 1 -17 0 0 17
7 7 8 -6 -29 -15 -14 22 -7 35
1 4 20 -3 -6 22 -6 36 11 -7
2 1 108 0 -14 6 14 0 0 -7
2 12 27 0 -7 12 14 0 0 -21
2 10 27 6 7 -6 -14 0 0 -21
2 1 216 -3 -7 3 14 0 0 -21
3 3 81 8 -26 -17 -26 0 0 26
4 15 11 4 4 16 50 -17 19 -1
4 9 25 4 4 -6 -23 16 21 -23
3 1 25 0 -12 18 21 5 17 13
1 11 335 -1 0 -7 -7 132 377 -22
10 1 41 21 -32 39 31 18 -5 8
9 9 243 26 -80 -53 -80 0 0 80
1 1 2 1 0 2 2 -2 -3 -2
1 2 1503 1 7 -2 -14 53 128 -39
1 5 51 -1 1 -4 -7 87 178 -5
6 13 7 4 -7 -14 -11 17 42 -29
1 5 15 0 -8 14 11 19 13 7
1 1 4 2 -6 10 3 8 -2 -8
1 4 16 -1 0 -3 4 6 17 -8
1 14 9 1 7 3 48 -13 1 -10
2 5 16 0 -2 -4 -6 15 29 -15
3 3 8 -10 -9 1 -9 0 0 9
1 12 9 -4 -1 0 -8 9 12 -11
2 20 35 9 8 -10 -20 -6 3 -33
3 5 18 -3 -4 -4 -3 51 63 -12
1 3 214 0 0 -1 -8 26 34 -25
2 17 121 3 -6 -18 -53 22 77 -47
1 44 8 -5 -2 16 -26 36 65 -35
3 25 153 18 24 0 -55 -23 -39 -47
1 9 44 -7 -7 -8 -18 6 -156 2
6 23 3 -4 23 -24 -44 -42 -83 30
1 1 1 1 11 2 18 5 6 5
2 2 7 -5 -6 -1 -6 0 0 6
3 4 4 -3 -3 -5 3 -5 -10 8
3 2 2 -3 -3 -5 -9 -5 8 8
1 7 16 -3 -4 9 21 0 12 -6
5 6 35 0 1 -10 3 51 90 -10
4 9 3 -2 4 -9 7 20 33 8
2 3 83 9 16 6 -12 10 1 6
4 7 30 6 2 3 -7 -9 -7 -26
8 8 57 -15 -44 -9 -20 36 -28 35
10 10 32 1 -31 -31 -31 0 0 31
27 31 45 -27 -27 9 60 -22 49 -75
27 15 8 27 0 -22 67 62 110 31
9 4 27 -10 -8 21 36 -18 0 -24
2 13 34 -2 -3 0 0 12 34 -19
1 1 384 1 -1 5 52 -93 -16 4
2 4 9 15 5 37 5 45 1 -16
21 12 25 18 -2 49 52 -25 -55 -34
4 4 108 13 -37 -25 -37 0 0 37
6 2 34 16 10 -8 -23 39 102 3
61 51 40 101 23 -16 -180 94 152 -111
17 1 52 11 -8 77 110 -9 100 85
16 18 45 -4 12 27 24 -9 4 15
3 25 24 14 29 5 15 16 -54 -1
7 26 20 -6 6 -12 51 114 187 43
1 1 5 1 1 -1 -2 1 3 -1
3 18 51 8 -34 84 30 93 1 -45
5 9 4 23 -6 12 -11 24 26 -40
1 8 9 3 7 1 6 3 9 6
11 16 29 0 -5 -8 -11 -11 -5 40
3 3 28 -1 7 5 24 -20 -24 -20
7 25 32 -6 3 5 -20 26 -1 -57
5 17 24 4 8 15 54 -38 -9 -29
2 2 27 4 -8 9 12 0 0 0
4 3 9 2 1 -7 8 13 27 -2
4 6 8 6 -2 3 6 1 7 2
4 4 4 -1 6 -4 -8 11 7 -6
3 3 72 -17 -25 8 -25 0 0 25
7 7 139 7 -7 -6 -37 69 134 -63
5 28 16 -24 8 28 28 73 51 27
3 7 148 11 31 7 -9 -28 -82 -5
1 9 6 -1 1 -6 3 7 16 -4
3 1 11 7 2 -4 -3 2 17 -12
2 2 2 2 2 -7 3 -7 -16 9
3 3 45 -10 -16 1 -16 0 0 16
5 27 34 0 -5 0 18 -9 20 -48
13 6 16 -13 13 15 37 -17 -15 -46
7 6 58 7 0 13 27 -48 -35 -16
8 53 672 -12 12 6 93 17 -107 -210
16 25 302 12 12 -41 -53 157 349 -104
3 1 14 -2 2 5 16 -16 -1 -9
3 5 18 3 3 1 -8 1 9 2
2 2 14 15 3 34 15 30 -6 -9
7 15 8 0 38 7 84 -25 -20 -52
3 3 7 -1 -8 -8 -8 0 0 8
3 3 3 -3 -3 -7 -14 -7 12 10
3 6 6 -3 -3 -7 4 -7 -15 10
7 8 9 0 8 -3 0 2 -6 -24
1 9 22 10 4 -15 -36 9 66 0
1 2 8 3 2 2 -3 -4 -4 -4
1 3 2 -1 0 -2 0 5 7 -2
1 1 2 2 2 0 0 -1 2 0
1 15 4 -3 13 35 -6 43 15 -18
10 16 1 -7 0 -16 16 24 33 10
2 20 38 7 37 10 148 -69 -139 1
8 1 11 -4 -8 10 -21 23 -3 -24
1 1 7 0 0 6 18 -6 9 2
1 3 17 0 0 -2 -3 6 12 -10
1 1 27 0 0 2 9 -14 -6 -6
2 2 11 -3 -2 3 6 0 0 -10
8 10 64 -11 -15 25 43 -24 -40 -33
1 65 328 -5 -13 32 165 27 160 -44
1 1 676 -1 3 0 12 -26 -44 -3
5 9 10 -8 -1 3 0 29 -6 -15
6 10 17 18 5 3 -25 -1 10 -28
2 4 221 -1 1 -2 2 19 35 -34
4 20 7 -2 -4 -17 39 20 55 0
37 7 168 11 -32 79 176 -154 45 11
1 48 28 -16 6 59 -5 156 101 -25
11 43 57 59 75 27 3 -93 -67 -47
1 4 24 4 19 4 17 -8 -44 13
4 9 11 0 -6 -9 3 11 31 -21
1 1 42 -1 0 0 2 7 0 -9
1 293 1032 50 26 -61 -1271 13 1217 -111
13 5 25 5 -7 25 36 -28 -14 -12
1 5 636 0 0 1 16 -44 -28 -43
9 10 16 -16 -12 16 19 4 0 -28
1 3 6 1 1 4 12 -7 -5 -3
1 5 11 0 1 0 -5 4 -2 -11
1 4 11 0 -1 0 -4 4 5 -11
1 6 10 0 1 -5 5 0 10 -11
2 1 2 0 2 5 12 -5 1 -1
2 1 7 2 -2 -1 -5 9 15 -9
4 8 53 18 10 -5 -34 -3 36 -33
1 8 3 -3 -7 5 4 19 19 -4
6 6 162 -37 -55 19 -55 0 0 55
2 1 34 -29 21 14 36 9 12 -5
1 47 92 25 35 -32 75 14 -152 7
10 4 33 41 -5 -4 -48 5 -10 -19
54 63 296 191 324 203 362 541 658 804
2 7 25 9 -25 -8 -3 7 -8 30
3 37 19 13 10 -28 -39 -30 -113 -22
56 126 300 -84 -168 -115 -76 -617 -891 -146
56 36 580 -84 0 -115 -518 -785 -425 -314
18 146 827 392 297 313 -467 78 602 247
64 100 405 -87 -212 -292 -370 67 183 205
1 10 109 14 21 -4 -39 6 -4 -10
3 12 18 54 -1 -40 -2 -3 271 2
5 1 22 14 4 -7 -29 -62 -163 8
5 8 16 -7 -17 -29 -25 16 4 -2
7 25 170 3 8 -15 0 -4 47 -94
1 5 265 13 -34 13 -53 195 50 -1
63 35 12 150 81 107 57 52 -6 115
5 8 12 20 7 -20 19 10 50 7
1 208 2391 -13 -15 20 348 661 2325 -69
2 5 8 -10 -7 0 -8 -9 -2 -11
1 5 6 5 8 -8 3 -3 -7 2
1 12 263 3 6 -8 -40 21 83 -36
1 1 148 0 -3 1 5 -6 -12 -9
1 13 9 1 -1 5 19 -11 41 3
1 27 13 -13 -5 49 4 66 30 -19
3 2 14 -3 0 10 27 -14 0 -11
4 7 10 -4 0 -5 -4 18 20 -13
1 22 53 5 4 -8 40 -7 -70 -11
1 1 551 5 -30 -8 -30 0 0 30
1 4 110 8 -6 0 -8 3 19 -2
4 4 31 3 -4 32 -40 58 32 18
4 19 74 -18 -25 22 39 90 81 -2
13 28 55 -28 -1 14 -9 76 23 -83
2 9 148 -9 -15 36 68 46 16 -32
3 4 13 4 9 0 0 -5 -13 -12
6 1 11 10 9 -4 -7 13 17 -1
19 9 45 59 55 -19 -40 39 30 0
8 1 12 5 11 -1 28 0 20 -10
12 21 3 -71 -153 90 136 53 27 609
1 8 356 -4 -6 2 7 166 179 -25
1 36 81 7 10 -3 57 -49 -314 -20
3 4 23 4 -10 6 7 26 6 -20
1 2 9 -4 -5 -1 -12 -24 -9 12
1 1 2 1 2 0 0 -1 2 3
1 31 4 23 42 -11 40 17 -26 -13
4 2 3 -2 -1 -17 1 0 -2 13
2 3 4 -3 1 1 4 0 0 -8
2 3 11 2 4 -4 -1 2 5 -7
8 28 101 -23 -67 -32 -8 -1 -133 -30
4 32 227 25 141 -22 103 -96 -235 -171
5 11 19 3 5 15 4 20 -10 -45
5 7 81 15 26 9 -13 3 -50 -7
25 20 25 -20 2 56 116 -50 55 -26
17 35 2 15 -16 -52 -27 45 107 -54
2 12 17 3 -10 -4 0 -1 -4 20
1 8 3 4 2 -3 59 13 38 -6
1 56 44 3 -2 -6 13 32 2 -16
92 271 671 -400 181 4 -347 -472 -251 -336
1 7 16 29 -7 88 -31 -35 -40 68
5 13 2 10 9 -29 -64 -45 -175 18
40 36 47 65 60 14 -54 -114 -57 -115
2 1 16 1 -5 7 12 -4 8 4
1 32 195 18 -23 11 70 -17 44 -6
3 7 651 3 -34 18 58 0 0 -30
1 133 217 3 2 -6 -86 0 0 -90
3 35 217 0 -18 27 54 0 0 -70
2 62 217 -3 -6 15 58 0 0 -86
14 26 13 18 63 -1 81 -60 23 -61
27 74 1178 -105 84 -23 30 -162 543 70
10 15 163 -15 -8 1 13 72 61 -79
11 121 133 41 17 -11 -196 8 42 -147
1 2 21 -3 -5 2 1 44 24 -6
1 1 3 -9 1 0 -3 4 -81 7
13 61 46 -17 16 98 -224 109 141 -45
7 30 31 -24 -2 3 10 101 100 -8
2 4 95 1 3 -6 -4 28 67 -19
1 2 3 1 -5 8 4 7 4 4
1 2 13 -1 -2 2 4 0 0 -8
4 12 249 5 -24 47 127 -24 -96 -37
16 66 71 24 45 -65 29 -28 23 -146
1 1 387 8 7 0 -40 50 384 -8
4 13 29 6 8 -13 -13 7 17 -29
1 20 1006 -3 -14 24 186 -14 31 -53
68 72 121 50 24 179 298 -170 -195 -114
1 17 2 -3 1 11 -10 9 66 -3
2 5 6 -4 1 7 0 14 -3 -9
3 4 567 3 14 0 -13 -1 -70 -54
134 64 257 9 52 -381 333 -144 -386 371
5 7 4 -3 7 9 31 -12 2 -17
11 26 77 56 -44 39 42 32 -70 78
1 8 100 0 6 3 48 -40 -43 -28
1 4 4 5 3 9 -3 5 -1 -10
1 1 1 1 1 0 0 -2 4 -1
13 32 37 16 125 0 176 -130 -3 -118
17 26 32 12 13 -51 21 11 60 -58
1 108 107 0 -1 0 90 -18 47 -66
7 14 20 18 -38 53 9 48 10 -30
5 6 29 3 20 6 -1 1 34 6
2 23 49 21 18 6 -50 8 -14 4
1 2 11 2 3 -1 -2 -5 5 -7
1 31 71 1 -1 13 24 -7 -56 -36
1 11 122 0 1 6 55 -39 -22 -26
10 14 17 9 -3 2 -15 3 6 -42
1 4 124 6 14 0 -19 -2 -16 -11
11 23 47 -16 -17 33 21 85 61 -102
1 5 11 1 -11 10 -1 29 14 -14
15 29 840 115 100 38 -283 113 620 -25
1 5 38 -17 -20 33 -19 -51 -15 16
21 91 162 -126 -50 -135 -464 -63 423 102
10 18 18 -28 7 27 -8 46 -3 -68
3 4 68 0 7 6 13 -20 -8 14
20 20 63 27 35 -41 -20 17 40 -74
7 3 3 65 -4 -29 9 66 643 -40
3 3 23 -2 -8 3 -2 68 -46 9
1 1 15 0 1 -1 -2 7 6 -6
9 8 25 -8 1 12 9 10 -20 -44
3 4 11 1 0 4 -20 19 -32 12
5 4 8 0 -3 -5 -3 7 12 -16
4 4 17 6 36 7 42 -30 -51 18
2 23 91 -3 -3 3 1 18 15 -48
1 44 146 13 16 -4 -78 -6 -57 -31
1 9 27 -5 -9 13 116 -10 126 79
1 4 208 3 8 0 -14 -8 -49 -21
2 3 1 1 -3 -9 -1 4 15 6
13 20 64 25 103 25 93 -32 -168 32
6 7 8 -4 7 -12 -1 16 25 0
2 19 33 9 12 -6 49 6 28 20
2 9 9 6 0 -1 -7 14 4 -11
3 1 55 6 -9 14 29 -6 6 13
4 37 4 16 -12 36 -28 -43 79 -14
9 72 145 16 -87 192 114 189 98 -21
1 5 44 -1 -2 0 20 21 13 -16
9 9 1312 -34 -35 7 -115 -712 28 -129
16 5 28 0 -16 60 71 -11 55 44
1 1 116 -4 26 -7 29 16 -28 -37
11 21 358 1 -48 22 -17 -26 -29 -146
5 8 13 -1 2 -4 20 -3 -2 6
6 11 139 -9 -28 48 69 30 -50 -67
5 7 63 -2 0 -7 10 5 38 -35
4 5 5 6 -6 -6 -6 12 43 -9
1 1 15 1 5 3 6 -8 -6 -1
25 161 176 22 180 40 102 729 1829 -985
21 25 99 11 11 -5 45 -24 -51 -37
36 27 27 47 26 12 -27 12 82 -45
16 31 19 45 -20 -57 -51 20 99 73
1 9 66 -3 0 10 115 1 -121 20
8 31 135 7 -38 46 82 0 78 -20
2 3 3 2 1 4 -1 0 -3 -6
43 12 99 -35 24 64 164 -135 -12 -120
4 16 67 6 -4 9 -25 -2 14 44
8 15 5 8 19 -4 -74 -68 22 -22
1 63 244 67 -67 -33 243 -186 -594 -159
3 11 575 -4 -25 26 126 -40 73 -33
1 3 3 -1 1 -1 1 1 0 -6
1 1 5 1 -1 -1 -1 1 6 -6
2 34 3589 -3 -55 37 160 112 112 -125
1 36 49 10 31 2 41 13 -122 -21
12 125 318 17 15 -117 47 33 405 -212
1 5 2 -1 -2 2 -2 11 11 -10
1 8 7 -3 -11 2 -1 -36 -50 -2
72 142 142 72 72 -289 -199 -289 -516 361
72 73 73 72 72 -289 215 -289 -723 361
4 3 44 0 105 4 118 -133 -9 -81
4 25 44709 -87 629 118 -689 -12216 -1726 584
1 4 11 -5 -19 -14 15 23 -25 -46
25 17 43 -29 22 37 42 -5 17 -37
41 58 78 6 26 -98 -5 86 158 -91
22 27 513 0 -22 0 9 -15 68 -201
1 49 574 -1 1 -22 -58 447 2281 -23
1 324 731 1 -1 45 536 -89 -234 -157
27 98 141 -27 36 9 -28 83 -84 -225
1 297 1009 0 1 0 396 -89 109 -201
11 11 1009 -11 -11 26 149 -175 -176 -149
11 61 191 -11 -11 93 394 -108 281 -15
7 31 69 45 -44 131 47 265 88 65
2 143 561 -2 2 -44 -166 157 785 -113
1 54 5584 0 1 0 -36 45 -59 -201
54 54 149 -72 72 -35 41 166 97 -131
16 54 127 -59 -39 36 72 191 166 -35
2 243 611 0 -2 0 -81 23 76 -201
21 34 163 -8 7 51 196 -148 2 -105
31 34 25 31 -31 -79 119 122 308 -43
11 71 213 11 -11 93 350 -108 203 15
1 71 1961 -1 -1 -22 -139 313 1686 -111
27 49 233 0 9 0 -49 68 -6 -201
27 31 343 0 -18 0 -31 71 55 -201
5 4 1 -1 -11 -5 0 21 26 -14
5 12 23 -5 -27 11 2 49 40 -30
3 8 9 1 5 3 7 -7 13 1
1 1 3 2 1 1 -3 2 1 -3
25 27 98 -25 -15 -32 -75 -137 -105 -3
10 7 13 3 21 -8 50 -13 16 -20
1 35 148 -30 10 -35 -54 429 197 27
3 4 4 -3 2 1 4 12 -3 -12
4 11 17 3 4 -9 7 -1 14 -5
1 3 8 4 -1 1 -2 5 8 -9
1 6 11 2 -8 -22 14 -17 -8 -3
11 58 128 -30 -12 86 45 150 15 -63
2 49 200 -6 -55 -64 -11 113 -306 -93
89 89 1323 -238 -440 -29 -440 0 0 440
1 1 23 4 2 -4 -1 7 41 -6
3 23 537 -3 -17 -3 -16 94 177 -99
4 17 48 8 8 -15 -3 -11 23 -50
2 11 99 9 19 1 -24 12 -45 -12
15 19 36 -45 10 20 -51 -69 9 -12
81 117 146 45 -27 -257 -213 -26 -219 -201
1 48 119 11 29 4 40 -20 -200 -18
3 3 11 -3 -3 1 20 1 -9 2
4 1 12 0 -6 0 18 3 5 0
3 1 80 -3 -3 1 22 1 1 2
1 5 6 6 -2 5 -4 7 2 -14
1 9 11 1 1 6 29 -11 8 -5
1 2 93 0 1 0 -2 6 -5 -17
2 3 1 2 2 -5 7 12 28 7
33 72 209 -25 38 76 156 16 -302 -280
1 20 104 1 20 11 38 -20 -59 -32
1 1 1 -4 1 6 0 10 2 -7
18 6 25 39 39 -25 -16 20 20 -17
5 31 18 0 -2 -31 44 29 99 -9
1 1 11 -1 -1 0 0 8 6 1
2 9 1 -8 -3 10 -4 20 12 -8
6 8 5 -24 18 23 -4 114 35 -17
3 3 18 -3 2 -1 16 2 2 1
8 1 41 14 -6 18 13 35 44 -13
3 1 17 21 -22 27 -12 -61 33 -145
3 8 40 -3 4 3 14 -20 13 -18
1 2 20 12 9 -2 -12 -3 15 -9
1 26 11 -3 0 0 -26 15 24 -21
1 1 10 5 3 -1 -6 11 23 -3
4 4 13 -20 -60 17 42 -24 -65 194
1 39 3359 1 0 23 539 -408 -125 -68
1 142 272 1 0 -45 -373 204 1663 -68
12 33 161 18 -55 118 148 8 -59 -64
29 62 260 15 5 -79 -179 344 716 -162
16 36 107 8 44 -3 90 -5 -173 -71
1 6 128 -2 -3 -6 -13 128 208 -2
1 10 11 -3 -11 -9 3 -10 -43 -17
1 12 33 0 -1 -2 7 -3 17 -22
1 1 12 0 1 10 43 -11 12 2
41 63 61 -35 37 -42 -75 121 83 -117
4 5 9 -4 -1 6 3 10 -5 -18
20 49 4 18 -107 84 -14 -7 213 -119
29 32 313 25 -14 8 -24 -45 141 -12
11 18 50 40 49 -49 -19 20 22 -47
1 27 94 -1 -4 7 -5 13 -33 -42
8 7 11 14 -7 6 5 5 17 2
4 19 412 3 -53 -30 52 -221 -1012 -117
1 63 76 12 12 -8 -58 -10 -49 -38
17 29 215 33 60 -19 -26 -57 -27 -141
2 2 13 -5 -7 8 5 15 1 -9
4 17 79 12 56 -9 -27 50 -5 -40
1 3 2 -10 4 27 2 109 12 14
1 1 9 0 1 1 -1 11 32 -5
4 4 12 0 0 3 -15 17 6 8
4 1 9 -12 -2 14 -14 71 3 6
1 64 17 26 29 -10 -3 11 -126 -17
11 34 58 -28 -37 39 65 27 60 -32
8 19 41 20 15 8 -11 -20 -19 -43
7 12 40 9 31 23 134 -40 -149 10
15 6 502 16 -10 27 103 -257 -58 19
2 3 338 3 15 -3 -10 0 0 -35
1 6 169 6 15 -6 -20 0 0 -25
1 13 169 3 5 -3 -30 0 0 -35
1 6 169 0 -10 12 40 0 0 -15
9 18 7 0 0 -8 -33 24 30 -32
2 2 531 6 16 3 -24 0 0 -16
9 14 1 0 0 -16 -24 24 39 -16
1 1 44 1 6 7 69 -35 21 10
9 17 28 3 -9 -17 19 18 -6 -63
1 7 26 6 -10 -5 -2 -26 30 9
2 2 12 36 -10 19 3 -21 -34 45
9 1 19 13 13 -66 8 116 134 49
20 40 113 22 -2 11 32 113 122 67
32 104 67 -132 4 65 -151 -260 -120 -122
6 7 19 -1 -1 -5 3 1 12 -27
3 1 7 2 6 4 13 -15 1 3
2 12 27 11 9 -16 -16 0 18 -24
1 8 57 0 7 4 53 -29 -48 -24
1 6 6 1 0 3 11 -6 3 -6
1 2 9 1 1 3 8 -7 -10 -4
1 1 5 -3 -3 5 2 9 0 -6
27 3 144 81 27 -14 -40 13 201 -116
3 12 22 -8 -17 8 -19 109 86 -48
4 4 664 12 -56 -27 -91 -59 34 74
4 7 11 0 10 -6 -3 9 -6 -18
16 117 186 38 106 -14 48 11 -302 -167
1 41 134 1 4 16 81 -17 -162 -48
11 108 38 44 -24 28 -16 -138 5 2
2 2 4 -1 -1 6 -3 10 10 0
3 21 337 -1 9 48 301 -77 -310 -95
9 2 4 -12 -3 37 -2 46 -79 35
105 59 1299 132 137 -180 -136 524 1260 -426
78 68 973 14 108 56 480 -159 -534 -437
4 25 19 -4 -7 -10 -5 28 69 -29
16 37 38 -26 -40 -7 40 61 95 -45
9 29 1 6 -6 -43 3 36 101 -17
1 1 16 11 5 3 -12 -4 20 -8
4 1 212 12 -28 0 -66 -223 -20 -74
1 1 139 -1 -3 8 42 -30 -46 -15
7 42 142 36 55 -24 -76 33 -57 -51
1 23 272 -2 -21 113 236 91 118 41
17 45 9 93 -61 79 22 80 -42 -3
7 19 36 32 -6 16 9 -68 8 6
5 3 92 18 11 -13 -1 26 176 -9
73 109 193 105 -93 213 146 -34 -166 -283
1 33 8 -25 2 9 -41 56 68 14
4 23 627 56 60 8 -118 115 384 -70
6 30 74 26 74 -21 19 -1 -98 -78
2 2 19 0 -12 15 33 -2 -7 -17
3 7 58 -7 -6 1 3 78 66 -15
1 9 1 4 1 -6 30 9 49 11
2273 1977 4912 1465 167 -2761 287 -772 4708 -9205
4 1 53 3 1 -4 -6 75 113 -9
5 10 10 5 18 -6 15 -13 -8 -33
2 4 9 5 6 2 -4 -1 -8 -6
1 4 11 5 6 2 -4 -7 -8 -6
1 4 26 0 -1 0 2 -2 5 -14
3 1 2 0 3 7 15 -6 3 0
16 16 17 -12 12 3 -17 3 -35 -6
27 33 38 18 36 4 0 16 33 16
10 46 56 17 7 -5 48 32 4 -16
1 1 8 -2 6 -8 -8 -3 -2 -4
3 9 16 1 13 10 11 -1 -4 6
3 14 12 -4 -10 10 -1 15 11 -25
33 21 892 24 112 -7 171 35 232 331
1 27 56 1 1 12 92 -30 13 -18
4 7 20 -4 2 20 69 -23 41 -6
6 4 8 3 19 6 26 -25 -7 -9
9 64 34 72 -64 -100 155 25 -316 -180
4 1 3 9 0 10 -6 -9 5 3
7 30 53 -20 27 -50 -53 -24 -3 -73
7 64 53 -23 35 -20 -273 -124 -98 -69
4 4 93 7 3 -8 -17 28 93 -32
1 1 23 -5 -10 -20 3 37 21 66
4 1 15 8 -8 20 13 2 -2 5
2 41 29 7 21 -6 59 -32 -16 -33
1 4 27 3 2 -2 -12 1 10 -14
1 3 63 1 2 -4 1 22 73 -12
4 3 151 -1 -12 -47 -72 113 179 -21
7 31 281 13 -111 -5 697 -420 -405 -697
1 2 31 -3 -30 4 54 9 -18 -15
6 12 38 -1 -5 24 50 -23 -23 -29
4 4 44 0 -11 1 21 38 -16 -14
31 33 63 -27 -27 38 23 25 -11 -123
1 1 4 -3 3 -4 -18 2 17 -18
7 17 2 -2 -12 -3 4 30 -5 -2
8 13 37 28 -4 5 2 34 28 -16
2 6 9 -2 7 -5 16 -6 -6 2
19 55 171 96 101 2 -142 61 -17 -19
17 45 354 -17 17 -38 -16 271 385 -97
32 68 184 47 83 62 109 -137 -280 -115
4 2 11 -11 -14 -5 -32 -12 30 15
216 55 12 -343 -249 248 -181 146 374 339
14 26 73 -26 -30 13 32 54 66 -53
4 16 47 12 21 -3 16 -60 101 -9
1 11 6162 0 -11 3 11 0 0 -121
16 54 78 -3 -11 15 11 0 0 -121
5 42 113 -13 -5 -8 -55 220 340 -65
2 2 134622 -1 -161 -5 -161 0 0 161
1 9 12 -2 0 1 -4 15 43 -12
2 7 9 10 -1 2 15 -19 -3 -4
8 4 19 13 -9 -13 3 -21 -69 -6
16 21 44 52 -4 28 12 -1 21 22
19 185 132 49 -112 -106 165 -464 18 -165
5 36 36 -5 -10 12 -42 9 -85 -21
7 3 9 11 7 16 26 -11 6 18
6 14 1 -16 24 -3 -22 -12 -6 1
2 1 6 3 -5 9 8 0 0 1
3 2 7 0 0 4 6 -5 -6 -9
1 7 6 -13 -2 24 -16 -66 -12 -53
3 5 13 14 10 -7 -17 10 11 2
1 5 608 -3 -11 12 77 0 0 -33
1 13 608 3 11 -6 -33 0 0 -55
2 2 1824 -3 -11 3 33 0 0 -55
3 1 608 0 -33 9 33 0 0 -11
4 10 23 2 -2 -9 -12 13 24 -37
1 10 17 3 27 2 33 -20 -52 6
4 1 5 5 9 7 19 -6 11 16
1 11 122 1 -2 4 -34 38 -85 15
13 8 34 8 25 4 43 -29 -34 -56
1 3 72 0 0 0 3 -6 1 -18
20 23 99 7 51 30 35 9 -111 -102
13 15 16 10 -9 -19 -8 12 40 -50
3 7 7 -3 -3 -17 -46 -17 42 20
1 1 307 2 -18 -5 -18 0 0 18
3 10 10 3 3 -17 -8 -17 -39 20
1 1 307 2 -12 14 60 0 0 6
4 13 323 -1 -41 20 25 -14 58 -53
4 18 25 9 11 6 -10 0 -30 -22
13 60 231 23 36 -76 -209 -29 218 -105
4 188 729 -6 0 9 1030 157 96 159
1 17 69 31 19 -3 -58 -20 36 -24
1 2 8 7 6 5 -3 4 4 6
2 16 66 25 53 0 -24 16 -75 36
4 14 67 2 -12 20 18 6 -17 -15
131 154 64 -256 -283 120 207 287 153 44
3 30 3 3 -3 1 54 1 -130 -2
4 5 9 2 8 1 19 22 -38 36
1 1 618678 -2 -163 -1 -163 0 0 163
4 4 32562 -1 -163 -11 -163 0 0 163
1 1 227934 2 -163 -5 -163 0 0 163
3 3 32562 -13 -163 4 -163 0 0 163
1 13 691 -15 29 -7 -47 -253 -265 -83
1 605 952 1 1 -63 -826 127 1166 -221
1 89 4393 -1 1 32 949 -443 -150 -159
7 40 1157 -5 -33 24 157 -114 86 -166
4 100 117 20 16 25 -88 -9 -114 -68
2 46 26 -44 17 -71 250 124 -147 -575
16 22 22 -16 -16 -31 30 -31 -65 47
16 16 16 -16 -16 -31 -62 -31 45 47
1 3 58 22 15 13 -18 -1 68 1
2 3 962 -7 -13 1 -44 -231 23 -14
3 26 61 -8 -23 -28 -11 70 -48 -14
4 45 4327 -45 -81 5 -535 -474 811 -62
2 2 111 2 2 10 -55 -5 -85 -7
4 9 61 -4 -44 -5 8 22 -26 -63
3 7 23 -3 -6 -3 4 74 73 -14
4 8 85 1 5 -6 -9 10 41 -30
40 565 418 97 -31 -78 -1107 246 924 -711
1 6 57 0 -7 7 12 4 4 -16
3 32 37 1 -2 0 0 3 -6 -36
22 64 290 3 -29 24 -72 87 27 -241
1 14 25 0 -2 2 0 1 7 -21
1 1 20 1 0 5 12 -20 3 -1
64 91 611 168 328 123 -15 -157 -581 -1
1 1 117 20 -38 -23 -38 0 0 38
1 1 4906 -4 -14 3 -1 1626 494 -9
20 29 49 16 41 -11 -19 18 -36 -76
3 5 3 22 -12 11 30 26 -15 9
18 109 808 3 -113 170 390 129 284 13
2 1 28 3 0 0 -8 7 15 -13
9 22 187 -45 -69 -24 1 -44 -101 -33
4 6 1 -4 -2 5 -12 15 84 5
11 33 37 1 16 -44 8 28 56 -37
7 8 16 -21 44 -2 39 -14 -16 -11
3 87 560 -1 -21 42 238 34 110 -115
51 42 64 30 26 46 -53 23 -96 -26
1 13 68 1 3 -5 -23 12 18 -25
8 13 19135 12 144 7 11 -1201 -2392 -264
5 4 27 -38 -14 13 -1 25 49 65
1 14 20 14 20 -2 -9 12 -24 2
1 1 13 -4 -13 -16 -11 6 -17 -27
5 20 68 34 12 -58 73 39 357 -41
1 4 216 1 3 5 16 -36 -9 -21
1 1 127 2 8 1 1 -12 -18 4
7 30 47 -14 -15 13 46 5 46 -44
4 23 28 1 2 -17 -8 23 44 -20
1 5 3 -1 0 -3 -3 5 9 -5
2 1 3 2 2 4 9 -6 1 3
1 1 15 -1 1 2 7 -3 -10 -9
17 25 20 35 -15 25 5 -30 14 5
1 2 11 0 1 6 19 -5 -20 -8
1 1 19 -1 1 3 17 -15 8 -6
27 77 247 0 -27 125 238 -91 -196 -200
8 59 1964 -51 1 -43 -946 -928 68 -448
10 24 40 -9 19 24 -4 65 63 -86
28 31 109 -7 33 -24 12 14 7 -137
3 11 242 -3 -3 1 23 -5 22 -58
12 14 61 18 12 9 -42 28 0 -48
1 60 60 -1 -1 -35 96 -35 -241 36
1 6 6 -1 -1 -35 218 -35 -201 36
5 7 9 0 -13 12 -4 15 5 -27
1 62 94 58 54 -45 -72 -32 -15 -80
1 6 75 0 4 1 20 -21 -23 -24
27 32 1077 0 18 0 -32 101 -54 -291
2 3 16 4 9 3 0 -2 -15 -3
2 2 2 -6 5 9 2 16 5 7
3 27 145 4 33 6 137 -93 -141 -68
2 7 39 12 9 -8 36 72 -23 -17
20 23 43 -20 27 -15 30 10 3 -89
18 50 1 -39 0 5 69 110 100 75
12 37 84 -11 -100 82 -38 351 148 -154
107 57 303 559 274 322 -343 -74 -61 184
2 16 351 10 24 -7 -51 -28 -41 -50
1 45 106 -1 1 18 -10 -8 62 -11
4 4 1 -5 6 12 14 12 12 -2
3 6 11907 5 40 -2 -80 0 0 -160
24 50 5 80 84 25 15 -39 -127 0
23 73 111 75 66 11 11 -144 -32 -166
5 7 2 12 2 9 0 12 -7 -1
4 14 25 23 19 13 -21 -15 -15 -14
4 3 21 1 -7 -3 -3 14 26 -21
11 55 324 17 46 -30 -31 0 -36 -122
3 76 242 98 302 -16 111 -208 -309 -87
1 63 124 11 30 -4 137 -16 -263 -23
1 12 14305 7 86 5 -50 -399 -2108 -29
9 14 29 6 5 7 10 -30 -28 -34
7 9 25 1 37 -3 45 -58 12 -63
3 5 12 -1 4 -3 3 4 4 -18
6 7 38 14 7 2 -15 2 2 -21
1 1 57 -1 -3 2 12 -27 -20 -6
1 14 11 2 6 -2 -24 -15 24 9
24 15 71 40 -69 81 46 28 -20 -23
3 31 25 7 7 -15 -16 -44 24 34
1 8 19 15 0 -2 -19 9 85 -8
2 53 61 4 11 6 -18 -2 -49 -45
1 41 21 55 99 28 45 51 -39 77
2 9 505 -3 -11 7 18 76 -99 -4
1 18 348 0 2 57 643 -68 581 45
5 15 20 5 10 0 -14 9 -16 -26
8 31 109 -6 -26 43 46 16 -22 -85
1 60 205 0 0 0 60 -23 20 -69
1 3 1825 1 -23 7 46 0 0 -23
20 63 67 24 58 49 -59 -71 201 1
9 12 741 33 107 -4 -186 49 209 -191
38 63 119 -38 23 -52 -151 504 595 -131
5 77 32 -15 -2 -18 132 173 381 50
8 11 7 -4 1 -10 -15 25 29 -19
1 5 8 -5 -9 25 8 25 6 -1
3 16 25 2 4 1 3 -5 -15 -31
4 20 8 23 3 -32 -48 10 65 -12
2 9 11 5 -3 2 -6 -7 1 27
4 19 90 38 42 -38 -20 -25 41 -77
1 1 57 1 -3 3 6 -8 -9 -7
36 49 4 36 -156 54 -207 -13 33 -7
1 108 1024 0 0 0 -18 8 1 -144
27 68 61 18 9 4 70 -71 19 -140
4 1 495 0 -6 32 220 -157 125 16
1 8 43 5 1 -13 -14 32 251 2
8 15 25 8 20 5 -7 -28 -46 -18
4 3 117 -4 -20 7 14 17 13 -24
11 7 24 -9 -19 18 29 -12 24 -8
1 1 19 0 2 2 3 -4 -6 -2
3 5 32 3 -8 7 3 -40 39 1
8 6 17 11 -10 2 -24 19 -71 -55
6 27 -2 -13 -9 1 -28 54 62 -33
2 3 4 -1 -1 -1 4 -2 4 -8
1 1 9 0 -1 2 5 -5 -2 -4
27 23 119 36 -18 16 -26 4 41 -16
30 5 51 -97 15 103 42 116 -45 -158
9 11 20 11 -11 10 -9 -4 4 -40
1 19 21 -6 -5 3 23 7 8 -21
3 4 9 1 -2 0 4 -1 -4 -6
49 7 162 -71 -156 115 100 -7 -140 11
1 15 419 2 1 -2 14 28 66 -54
2 4 25 11 4 2 -9 2 23 -16
25 81 156 49 80 27 -18 -152 181 133
7 1 4 5 7 14 43 107 121 -32
11 16 63 0 -16 46 92 -41 9 -21
4 6 1 -3 -5 -2 -5 12 4 1
2 4 9 5 4 9 10 -8 4 -3
1 1 58 3 4 -2 -5 5 33 -12
2 8 21 -2 1 9 19 -6 19 -20
33 33 164 100 99 -152 -644 -492 64 642
83 77 175 -15 -107 106 97 -40 -5 -263
3 5 22 -3 0 -2 2 9 10 -18
3 4 15 0 -3 9 22 -11 16 0
1 13 12 0 0 -9 27 12 52 0
1 12 96 0 0 0 27 -12 25 -33
7 68 97 7 -2 -4 132 107 18 -28
63 12 570 -15 65 187 -155 105 -827 412
11 32 29 -15 -46 -37 -20 -11 -16 3
3 4 1 -1 5 7 2 -6 -15 10
4 1 17 -12 13 13 7 7 -9 -4
1 8 1 -1 5 -13 -6 -2 -15 17
5 4 7 -10 4 8 -4 11 13 -1
4 3 9 3 19 6 19 -3 -24 -2
1 2 18 6 -3 0 -4 27 57 -9
27 29 62 36 -9 16 -5 1 36 -8
19 173 1326 -44 -23 -9 -24 492 653 -423
5 12 11 10 1 10 -1 34 -29 17
19 1386 2046 -347 -284 1942 229 3172 1198 -2125
18 29 27 4 130 32 284 46 148 -39
41 79 35 3 -10 -121 46 65 163 -79
1 159 109 -18 -7 65 129 214 381 27
3 28 761 -20 -36 41 127 286 348 -139
1 12 39 -7 13 -4 41 -17 -47 6
5 8 18 10 -4 1 -6 30 45 18
6 10 9 12 10 3 16 -6 3 8
6 7 9 -6 10 5 -6 -6 9 -12
1 5 18 0 -2 13 -4 10 21 6
3 8 17 12 17 24 12 -19 3 12
2 2 3 2 2 7 -4 11 -4 2
1 4 245 1 0 -5 -14 74 236 -21
42 59 83 62 -82 160 -18 42 76 -55
1 1 24 -4 -7 -11 -19 0 0 -5
2 5 28 -2 -1 4 20 -9 0 -19
27 42 80 -9 18 1 22 4 -1 -4
12 37 55 35 61 -18 -18 -4 35 70
4 3 9 -6 -8 15 -14 22 -1 16
4 4 36 -6 6 3 21 3 -28 -6
4 14 484 -1 -29 25 117 102 132 -35
1 34 46 0 -2 17 98 -18 45 -12
1 29 1262 -1 -1 -13 -4 187 840 -66
13 27 202 0 -13 0 36 -49 56 -120
7 25 101 -58 -67 -104 -103 106 48 101
1 25 424 -15 -4 -52 -713 -164 -11 -171
2 3 4 6 9 10 6 19 15 -11
2 1 16 6 5 0 -10 25 57 -1
1 3 12 -7 6 4 1 -3 -1 4
16 156 239 -12 -12 3 118 -27 76 -244
16 25 1178 0 -12 20 97 -227 -156 -210
5 23 22 64 21 45 -4 -57 55 -44
9 100 88 -114 -420 -280 140 1215 -431 -386
16 100 98 75 69 40 -50 -64 -120 -87
28 115 331 26 14 134 229 -105 -465 -249
1 5 9 1 1 6 -14 12 6 -2
3 93 384 10 25 9 53 -73 -366 -109
13 1 57 -13 -67 -118 -103 -33 5 62
4 4 71 -3 -10 4 12 -4 10 -26
3 1 48 -3 3 1 -44 1 -30 -2
1 18 18 -1 -1 -19 -97 -19 62 20
1 7 7 -1 -1 -19 84 -19 -86 20
7 6 6 7 7 -17 -23 -17 -12 24
4 5 3 9 7 3 0 -6 5 14
4 4 13 1 3 4 12 -7 -8 -20
2 4 196 7 -27 26 33 86 18 7
1 55 128 2 4 5 23 -24 -56 -36
4 13 1092 4 10 -9 24 -23 -183 -157
1 1 5 0 1 -3 2 1 4 3
9 37 39 59 54 -47 -19 -24 -2 -87
1 18 220 -7 -13 42 77 106 8 -49
3 5 542 3 -36 12 28 31 28 -31
33 5 49 86 5 -19 -64 104 296 -54
14 72 35 -141 -48 343 73 380 93 180
1 2 1 1 0 -3 -1 2 3 3
4 1 2 7 3 -1 -5 7 14 0
1 2 1 6 -7 -4 1 1 -16 -15
5 8 8 14 7 1 -49 61 -34 -34
4 90 393 -108 -192 -71 -111 88 -250 -16
17 9 70 -38 32 28 24 2 -53 33
1 8 5 8 12 -5 6 -9 -4 -16
2 11 7 -2 1 -8 12 10 24 -2
3 20 32 0 -3 0 -17 1 80 0
4 21 29 0 -6 0 53 3 -17 0
1 234 234 1 1 -91 142 -91 -935 92
1 351 351 -1 -1 -91 -220 -91 -742 92
1 32 32 -1 -1 -17 -16 -17 -63 18
1 4 39 0 1 0 -2 3 -5 -16
1 1 46 -1 -1 3 14 -13 -9 -10
2 4 1 -5 -3 2 -2 17 11 -6
8 113 133 5 -9 29 159 -68 54 -117
1 3 44 0 -3 3 -3 16 28 -16
5 15 31 -1 -20 26 -3 20 -3 -46
7 17 18 0 -10 3 -6 8 19 -40
144 306 412 -416 166 208 432 1153 797 271
2 5 61 22 5 -20 -9 6 187 -38
2 9 33 18 2 -9 -15 3 52 9
1 2 2187 0 -15 2 10 0 0 -45
2 1 77 3 -6 38 69 0 -23 -37
21 24 29 -20 -3 -16 12 24 33 -56
9 16 30 0 -15 4 8 8 15 -34
5 25 40 5 -23 -21 78 -61 13 42
1 3 2 3 13 3 16 7 -5 10
4 45 239 -16 -40 93 84 125 -91 -140
3 8 65 0 0 -4 -21 36 48 -32
4 25 19 0 -6 0 -15 11 23 -40
4 3 35 0 -22 18 15 19 4 -8
1 1 24 1 1 -2 -1 4 16 -8
1 11 39 -5 -5 19 50 2 13 -15
1 40 31 1 -1 -13 -112 47 230 -34
1 40 97 -1 1 -13 -64 47 170 -34
1 2 169 1 7 1 12 -49 -65 -16
1 1 7 0 0 2 5 7 9 -3
1 1 18 -1 -4 0 -4 22 1 6
3 3 4 8 4 4 2 -4 7 0
1 1 9 0 7 -4 13 3 -6 8
4 5 1 6 -4 -1 10 -2 14 -8
5 2 19 -20 35 -7 26 31 -20 -31
3 1 53 -4 6 6 5 9 -29 9
1 37 127 -1 -1 -1 66 9 -65 5
1 11 21 14 29 -4 1 24 -30 1
7 59 393 -3 -23 21 60 -12 47 -151
1 5 68 0 7 8 8 -9 -4 14
1 1 6 -8 3 -3 13 -11 34 -40
3 3 21 -2 -5 -3 -1 39 45 -12
1 2 7 0 -4 4 5 1 4 -2
1 5 99 3 15 2 15 -39 -78 -11
9 48 146 70 56 -52 -103 -19 67 -113
2 2 5 0 1 3 6 -1 -6 -8
12 12 41 10 4 -17 44 5 47 89
9 11 13 6 15 -2 -13 13 -9 -22
4 23 231 2 8 -7 -1 -10 5 -84
1 13 2 15 0 -21 -68 13 212 -7
1 5 26 22 12 -15 -26 12 39 11
7 4 13 9 -13 24 14 1 -19 -23
1 1 2 -9 4 21 1 32 1 -8
3 3 11 1 -10 -10 -10 0 0 10
5 55 135 -17 145 -14 405 15 189 -152
13 19 29 9 3 7 -38 27 9 -57
11 12 33 12 -11 36 56 -35 -1 4
1 2 23 -1 -1 -1 0 16 19 -6
1 8 9 -2 -1 1 7 2 4 -10
20 7 53 12 6 49 102 -55 57 43
1 3 16 1 0 -3 -5 6 19 -10
1 2 40 -1 -1 1 8 -7 3 -12
2 60 87 7 3 -44 160 72 536 16
2 27 65 13 10 -17 -25 -21 29 -62
1 232 2325 27 42 -9 -762 -32 -336 -122
3 13 41 -5 13 -6 0 -1 -4 27
1 27 30 5 16 1 -14 -19 72 5
1 2 3 0 -2 5 -16 7 -2 -10
4 1 15 0 -7 -6 -13 -8 2 -17
253 304 709 -609 210 298 47 1121 8 -1234
8 4 44 -13 6 10 18 15 -25 -47
1 4 53 -1 13 1 9 -13 2 12
4 4 9 0 -8 -3 15 24 -9 -6
1 1 12 1 16 2 29 -20 -30 5
1 3 220 0 0 1 10 -26 -16 -25
1 9 13 7 20 6 15 4 -29 14
1 4 100 2 6 1 -9 -20 -30 -22
9 9 12 3 -12 7 16 -11 10 -14
2 7 19 -7 -7 7 5 30 19 -12
5 5 12 7 -13 27 18 14 16 22
13 95 105 -47 -157 -36 -199 -29 269 38
34 15 9 -39 -60 31 -63 -33 68 74
9 24 33 -42 -12 34 16 -116 -72 79
1 23 38 3 9 8 64 -26 -77 -15
3 10 34 4 2 3 -5 -8 -8 -17
5 6 13 3 3 -2 0 -4 8 -15
4 8 19 -31 2 46 143 -16 201 84
33 128 50 -92 54 -66 27 235 335 -45
5 7 54 0 0 22 81 -44 42 0
5 34 33 0 0 -22 -21 22 60 -44
1 2 3155 0 -22 3 22 0 0 -44
5 20 26 0 0 -22 39 44 120 0
3 40 53 204 19 -184 180 15 369 -160
3 29 287 3 4 17 22 142 -671 50
1 7 32 1 4 12 78 -18 -69 -10
2 2 115 0 3 1 12 48 12 -32
2 1 2 -1 11 2 16 1 -10 -11
1 4 96 6 8 2 -27 10 21 -5
3 11 163 7 -157 -10 -270 -217 -206 88
1 23 10 4 12 15 0 -10 -51 -44
1 1 1 0 3 1 3 0 -3 -3
1 1 2 0 0 -1 -1 3 3 -3
12 28 123 25 68 -32 -40 43 -50 -74
1 2 21 1 -1 1 1 12 5 2
9 9 21 -12 -6 1 20 -5 18 -29
25 53 19 38 49 59 103 -53 -79 -17
2 7 5 0 -1 24 27 28 2 14
9 15 452 15 12 -35 -35 160 268 -59
109 130 603 315 295 198 -302 89 -152 -101
1 15 73 3 7 -3 10 -8 -35 -31
2 45 429 16 4 -44 126 -349 276 183
1 9 38 3 4 -1 -11 1 -9 -18
9 14 19 9 3 21 43 -32 4 -9
17 5 92 112 2 17 -113 93 657 -99
64 13 135 19 -50 157 237 -142 -57 -33
49 1 74 225 -12 304 172 -201 56 441
1 10 27 -44 -17 -34 46 52 -20 -35
1 48 76 -52 23 -95 -131 -216 82 -81
3 31 143 96 53 61 -66 -15 74 -6
2 15 7 1 16 5 69 -7 -35 -26
1 6 19 1 0 7 28 -7 0 -13
9 10 374 18 30 44 23 -17 -73 33
16 129 198 68 248 41 334 -135 -498 -45
18 18 49 20 6 3 -27 0 0 -72
1 1 54 -1 1 0 4 0 1 -12
3 1 1 3 3 -3 3 8 13 6
64 71 90 31 44 -26 -195 167 132 -183
3 14 20 24 21 -30 5 -16 18 -49
1 1 108 2 -8 4 10 0 0 -1
60 56 92 -100 -31 -109 -197 -130 -55 -115
1 2 23 4 5 3 0 -2 -10 -3
4 21 161 13 -41 -66 -41 83 -191 -82
3 6 69 11 12 -19 -7 40 76 -8
1 189 369 0 1 0 -63 14 -34 -123
2 12 49 -14 -4 -70 44 -169 58 -43
20 27 105 -60 -29 35 -3 452 184 -71
52 56 741 8 -408 -169 1 -591 -1819 -642
13 25 7 -24 24 -9 -18 101 94 -1
1 3 5 1 3 2 7 -5 -8 -5
1 5 7 0 -3 6 12 -1 9 -1
1 31 8 -6 3 -1 26 102 214 31
3 4 5 -2 2 -2 4 3 3 -9
1 100 125 -5 -5 -6 144 7 182 -48
4 171 380 12 7 -42 -362 77 340 -167
1 2 2 4 10 9 -23 2 11 -27
80 231 1876 0 -140 240 116 167 -751 -1044
4 2 23 4 -20 13 8 17 2 -6
1 28 19 -1 -6 25 4 32 -8 5
126 266 249 504 477 297 -152 -152 -355 -47
1 4 8 16 5 -8 -20 5 25 10
1 11 209 8 19 5 -29 -13 -79 -7
2 95 43 23 48 24 282 -62 30 -10
1 7 9 4 1 -10 -14 12 75 -4
3 230 1011 -25 77 -28 -2511 -656 168 -449
7 77 67 30 11 -39 -180 31 125 -67
3 22 81 12 -2 -5 -207 -123 -128 108
1 1 11 -4 3 1 10 9 -17 6
10 18 28 17 63 12 57 -36 -80 46
7 1 83 -17 -36 -28 -55 -58 327 114
27 49 353 0 -18 0 -49 83 69 -237
27 15 94 -18 36 83 282 -142 -34 -95
1 49 2410 1 0 -26 -105 474 3040 -79
43 35 51 43 43 -91 40 146 299 55
27 86 227 0 18 0 -86 83 -24 -237
43 97 73 -43 43 -91 -4 146 185 -55
1 61 1290 -1 1 -26 10 527 2961 -27
19 27 1005 9 -98 27 -9 59 80 -243
2 351 693 0 -2 0 -117 27 92 -237
1 139 1581 1 1 53 806 -184 -911 -131
1 54 9100 0 1 0 72 -105 -47 -237
2 35 457 -2 -2 106 968 -131 67 -25
4 85 165 93 83 -69 -181 54 -16 -17
13 93 212 -13 13 57 296 -101 -116 -193
2 243 1023 0 2 0 -81 27 -70 -237
54 54 35 -36 -72 -71 85 190 251 -47
13 27 1413 0 -13 0 9 -22 80 -237
4 49 309 69 139 49 -49 34 -168 99
1 3 317 9 4 1 116 -229 31 67
9 9 774 -4 -79 -23 -79 0 0 79
8 15 98 -16 -25 10 18 69 57 -49
43 313 528 -154 -296 -96 64 -306 -976 27
4 10 15 9 95 -1 112 28 -74 -33
19 41 22 5 32 88 26 -101 -65 -40
2 7 19 11 13 -34 -27 -14 -12 31
137 421 849 298 -253 -946 -328 -409 -1674 863
1 5 16 11 3 6 -11 -4 16 -10
2 11 35 0 -1 6 -6 6 -5 17
44 63 233 -8 36 84 -81 127 -36 282
3 263 55 -8 -6 4 -203 189 199 -79
36 41 180 53 61 33 2 -126 -84 -138
24 29 36 12 -24 -39 -6 37 102 -96
8 6 14 -4 8 19 56 -29 13 -16
1 3 8 -2 -4 7 6 10 -6 -5
3 12 83 16 14 -19 -26 -3 61 -44
2 7 136 0 -1 -2 -10 29 71 -36
1 5 241 41 47 -37 224 -1 127 0
27 48 41 62 105 14 -17 -12 -91 -61
1 25 8 0 -1 -12 56 15 73 4
2 5 1 -10 -3 11 1 29 10 0
14 8 4 60 -9 21 -51 20 84 -56
3 28 105 35 -36 -32 -88 189 -57 124
4 6 13 -4 -10 -3 -1 39 44 -17
16 19 44 -68 20 64 -66 -91 27 -26
1 1 421 2 -20 -5 -20 0 0 20
8 10 11 -9 -19 9 -6 -12 8 49
6 98 217 -38 7 -35 -35 191 -136 204
4 2 73 -68 -26 113 -44 -91 106 -137
2 10 23 13 5 -14 -8 -9 24 -13
1 20 738 -3 -12 8 48 60 123 -68
48 159 652 -396 468 -467 455 -327 -102 -619
1 18 308 0 0 15 135 -60 -144 -40
4 31 107 3 5 -6 -15 0 0 -70
1 28 199 0 0 20 156 -45 -123 -40
20 87 8 12 144 177 101 311 157 266
5 13 47 9 17 -9 -9 -5 -11 -41
3 9 472 15 -14 22 -109 52 32 90
28 65 68 -54 -100 35 55 151 150 -75
4 18 11 0 -4 1 -13 15 43 -32
22 29 13 -23 8 -79 -57 151 -148 -268
1 5 11 -1 14 -14 25 5 -5 -3
2 14 151 25 -14 27 -99 166 -30 85
1 20 29 2 85 -7 89 -32 11 -58
12 7 15 4 0 -17 11 23 46 -12
11 80 311 0 -11 0 -20 20 67 -196
33 17 84 -33 33 60 198 -136 33 -120
1 21 -38 -7 44 22 -30 4 -102 11
7 49 26 8 20 -6 52 -27 -24 -71
1 5 19 11 -5 -1 27 -17 6 15
3 17 560 12 28 1 4 -28 -203 -54
4 17 71 13 -10 -10 25 122 -21 12
3 5 412 -1 -95 -8 94 -117 -543 -91
22 7 29 23 -43 43 27 12 17 16
5 35 34 -15 -11 55 27 64 21 -44
1 4 12 2 1 -4 -12 8 25 -6
1 4 101 -3 -5 1 5 67 66 -12
1 24 30 2 5 4 16 -4 -51 -22
27 19 35 -34 22 39 27 34 47 -109
17 31 56 30 60 7 41 -85 -52 -77
6 16 10 -22 41 13 -84 -44 55 -83
3 1 16 -11 -3 -5 -28 43 12 -1
28 43 45 40 -38 57 -34 3 -9 -122
1 13 6 -3 3 -4 -22 -18 -31 -1
11 2 39 -12 30 21 83 59 4 80
18 43 143 8 36 64 0 -51 -53 77
28 27 63 49 -6 112 29 78 -60 -28
1 1 1 2 1 0 18 3 19 -9
4 3 4 0 32 -6 -35 -23 -18 22
1 23 20 0 1 -15 14 27 123 0
1 1 290 -1 5 0 7 -7 8 -28
18 4 1 -19 -26 -2 54 -40 17 25
9 41 144 3 24 25 35 -44 -128 -170
23 26 151 0 5 31 58 -53 -100 -127
53 36 505 -72 29 27 96 119 -64 -323
13 10 52 2 28 -5 75 -36 -87 -5
8 3 19 -5 -9 10 39 -2 0 18
7 8 56 8 9 11 26 -57 -34 -20
14 9 65 75 15 26 -78 30 181 -44
1 1 11 1 0 0 8 1 -9 -6
7 9 10 -1 -4 -6 0 6 13 -24
3 6 9 3 -3 1 -9 1 8 -2
1 3 10 1 1 -2 5 -3 2 -2
34 46 104 8 -68 -43 -74 66 159 43
5 11 34 9 9 10 6 -23 -37 -22
4 11 45 -8 64 -11 40 46 -49 18
3 2 79 30 15 -15 -6 13 158 -13
19 27 12 1 -4 -46 25 16 47 -33
9 12 51 -3 -30 22 16 16 8 -43
2 7 21 2 -1 -9 -17 34 100 -15
4 5 27 9 -9 26 36 -9 -15 -1
19 28 390 -8 16 -16 48 -68 -134 -165
1 7 10 10 6 9 -15 4 8 -7
12 9 17 10 6 -12 -6 2 13 -35
2 7 11 1 7 1 21 -16 -3 -18
4 39 539 24 28 -22 -198 49 225 -84
5 19 2 0 0 -23 3 46 114 0
1 2 3605 0 -23 3 23 0 0 -46
5 20 55 0 0 23 57 -23 -54 -46
5 18 59 0 0 23 57 -23 -60 -46
9 13 64 6 9 -5 -11 0 0 -57
1 3 7 -2 -5 3 -3 22 13 -11
3 4 7 3 4 -6 -6 5 6 -9
3 51 400 17 22 3 -173 32 -30 -61
1 4 79 -1 12 -7 -120 -67 0 -5
1 98 1161 0 0 -14 -63 86 431 -138
1 5 51 2 1 4 5 -1 -16 -18
2 3 17 -4 -5 -4 -12 -5 3 -2
2 7 175 25 -7 82 47 296 30 20
1 7 436 8 10 -2 -88 12 212 -27
6 8 53 9 16 8 12 -31 -58 -26
1 2 7 -2 2 3 1 1 -2 -6
1 26 9 -3 -1 -7 38 15 51 4
27 20 2 -27 -36 9 33 16 -191 24
8 1 85 -23 -64 76 33 166 -4 -26
17 144 54 -64 -50 76 -44 306 283 -110
4 19 25 -28 13 43 1 218 76 -15
1 2 6 1 1 -3 -4 5 11 -4
1 5 1 -1 -1 -3 -2 5 10 -4
7 7 1890 -4 -89 -17 -89 0 0 89
1 13 143 -20 27 -7 -7 -15 23 -18
4 29 269 61 87 -42 -53 -108 -52 -114
19 38 51 53 83 -1 -41 51 -12 18
1 4 659 8 -25 4 -8 -151 197 -12
10 5 9 -21 26 -14 -87 -84 -45 -104
7 4 79 -2 3 11 42 -61 -26 -27
10 5 22 6 -31 -13 -22 0 -38 -80
1 16 44 1 2 5 -4 1 -33 -24
199 468 2507 1547 1255 1087 -1516 -571 572 -210
4 4 86 -59 -29 52 -36 -46 149 -144
2 45 160 6 50 36 817 -233 -245 13
55 91 329 -89 -59 68 200 -1 84 -311
5 4 4 5 5 -19 -47 -19 16 24
1 386 257 -3 -3 3 -438 85 380 -154
14 27 205 0 -14 0 -9 19 44 -129
14 17 57 14 -14 -24 -58 105 227 -81
16 7 160 -24 12 12 -67 3 -90 -12
25 47 61 15 -85 111 -6 84 -7 -173
9 15 73 22 -1 -8 -77 43 136 -70
1 1 16 -11 -5 -7 22 -8 16 -8
6 62 25 8 -53 129 -55 148 52 -179
1 3 72 -3 -3 1 6 41 38 -9
1 4 69 0 -3 7 32 18 26 -31
2 5 108 19 29 -3 -31 18 18 -2
125 216 310 0 75 84 -183 211 -170 -616
77 73 237 -325 -114 398 295 270 91 -192
44 306 331 18 19 147 675 -319 80 -352
37 23 467 105 1 -102 152 363 1538 -144
47 143 280 45 49 232 819 -343 198 18
125 65 229 150 75 256 506 -349 107 228
9 53 29 -22 -5 23 -45 93 31 -44
1 1 127 0 8 1 8 -29 -30 -9
15 36 41 -2 -30 51 42 -3 1 -64
8 36 73 -18 -20 9 16 60 72 -65
9 4 67 0 0 16 44 -51 -36 -27
9 29 36 0 -9 3 2 1 16 -63
1 6 419 0 -11 6 22 0 0 -33
1 5 419 3 11 -3 -22 0 0 -33
2 1 838 -3 -11 3 22 0 0 -33
2 1 419 0 -22 6 22 0 0 -11
19 45 6 -39 30 -3 32 226 208 59
1 10 16 0 11 4 81 -23 6 -19
45 148 228 114 201 107 157 -208 -450 -109
4 7 194 12 25 8 -14 -59 -79 -21
1 8 1 1 15 4 36 -15 -4 -14
1 243 1659 0 -1 0 -81 25 83 -222
1 675 574 0 1 0 -900 99 326 -222
1 4 5 -5 -1 6 0 -19 -7 -3
1 3 3 0 0 0 -5 3 12 -4
1 73 204 2 7 45 424 -32 -528 -52
1 14 14 0 -2 2 0 2 1 -21
7 9 30 11 -16 -24 12 -30 -115 -18
4 79 86 12 8 -33 -29 -11 45 -96
16 12 99 12 12 -11 -57 87 95 -64
30 49 20 5 42 -79 -13 65 100 28
2 46 115 66 147 139 151 -74 156 -79
3 16 12 5 19 -4 -20 11 17 -2
1 5 156 4 11 3 -8 -12 -64 -10
1 5 25 20 14 15 -18 -1 16 3
8 1 23 28 8 15 32 25 -19 -4
2 35 78 6 -15 -8 -33 50 12 41
4 29 29 -4 -4 -25 11 -25 -73 29
4 24 24 -4 -4 -25 31 -25 -78 29
1 9 37 7 19 12 -33 -45 -83 -76
8 11 8 -6 5 -11 -11 24 25 -14
32 111 35 268 34 -356 -172 101 881 177
1 4 22 1 2 2 12 -17 -15 -9
1 1 8 0 -1 -1 -4 15 19 -6
1 10 9 6 10 -4 5 -7 -10 -16
2 2 5 0 2 -1 -2 3 0 -7
1 3 7 -7 2 13 5 16 0 -9
3 56 211 6 14 11 44 -59 309 -2
2 1 67 -14 -20 43 35 68 28 21
3 2 11 -3 -14 12 9 19 3 2
3 9 307 -1 21 -2 -18 -45 -44 -86
9 35 7 57 81 31 30 3 -29 36
1 1 6 0 -2 1 3 4 -3 3
1 1 4 2 1 5 0 -1 -1 -1
1 2 3 1 0 3 11 -7 -4 -1
4 4 8 -1 7 8 12 0 13 -8
37 48 179 -52 -21 -24 -12 442 391 -102
4 20 81 -6 0 0 -9 12 -13 -51
1 108 128 0 0 0 -18 4 1 -72
27 33 7 -9 36 1 42 52 51 64
4 45 74 0 6 -32 6 19 78 -56
19 53 53 9 35 20 75 -43 -77 -108
2 1 5 -2 2 3 4 -2 -3 -7
2 1 8 -1 18 2 24 -7 -21 -19
1 98 125 12 -5 -12 246 9 540 -1
1 2 103 4 7 2 -14 0 0 -7
1 6 57 0 0 0 -6 7 2 -21
8 27 207 36 40 17 35 -23 -51 -107
144 107 851 -206 -35 -313 125 917 -2170 -465
24 77 87 -8 31 -56 25 98 30 -62
5 16 26 7 13 -24 8 1 -7 -58
108 289 556 260 269 -365 -674 344 425 -365
1 1 38 -2 -3 3 9 0 0 -9
9 23 31 -19 -16 5 21 29 39 -35
1 8 17 0 -5 11 18 3 12 -1
1 2 8 0 1 -2 -7 12 18 -5
5 9 19 -6 -6 9 2 17 1 -32
26 68 609 -49 -19 82 351 -40 -134 -257
4 34 21 -40 -27 73 -4 -107 -49 33
7 16 19 -11 6 12 55 19 42 -21
11 41 95 58 72 45 -47 -54 -87 -13
9 10 47 10 0 -2 -11 -9 14 -52
1 18 208 -10 -21 26 123 76 -16 -62
2 6 18 7 4 -14 -1 1 26 -19
7 11 39 6 -8 17 21 -20 -7 -32
5 13 52 3 -18 -10 -12 -3 3 38
7 26 1 -47 -30 -17 128 -61 43 21
1 9 25 1 10 5 82 -13 -74 -12
4 17 108 4 8 -15 -35 31 66 -46
1 10 45 -56 -35 20 -48 -17 36 -11
127 294 1593 -224 -122 539 1476 483 -1021 -1418
3 4 19 -7 7 -4 16 -4 -2 -2
35 59 314 40 136 131 607 -289 -738 -38
5 454 1465 -12 -29 85 102 158 4 -488
128 125 235 96 224 -286 -26 99 163 -406
1 4 17 -2 -4 3 -3 29 38 -8
9 19 108 9 22 11 25 -54 -81 -61
4 101 160 57 87 31 -17 -8 -200 28
108 192 202 -15 -158 32 212 -73 247 -396
3 228 329 20 21 -61 -80 -46 10 -196
1 2 3 0 -5 -2 -4 -6 8 -1
1 3 1 5 -4 3 8 -5 3 3
4 27 150 72 52 -39 -84 -45 120 -110
3 13 13 6 23 15 110 -23 44 26
7 11 19 9 50 15 85 -20 -80 10
4 19 43 5 14 14 7 -2 14 -38
1 1 4 -2 -1 3 1 13 -4 1
1 2 19 3 5 1 -2 -9 -1 2
1 126 540 -32 84 56 27 -69 261 -47
5 13 350 -9 -4 27 4 60 -155 39
1 2 41 0 4 0 5 -7 -14 -14
28 55 17 -140 -120 241 35 269 64 76
19 92 166 6 -26 -52 -193 221 469 -215
4 7 27 -8 11 -18 16 7 11 19
17 1 33 -22 8 25 45 -40 -8 -49
8 11 20 16 11 6 -9 -12 -12 -28
19 37 64 -9 13 1 3 16 -24 -109
1 18 27 -22 -12 -2 -4 -17 -31 -22
9 44 44 59 24 30 -96 -6 17 -43
11 40 78 -16 -6 22 89 -28 13 -91
11 22 38 8 -4 39 33 -10 -59 -57
1 3 34 3 5 -4 -5 7 -6 -14
4 2 19 -1 -1 6 15 -6 -20 -23
1 13 5 7 14 35 1 39 13 3
5 27 50 45 -15 -40 33 91 50 -34
15 31 182 65 47 33 -132 47 82 -29
1 5 225 -2 -9 3 7 55 60 -21
4 25 90 -4 26 35 10 -15 -69 47
1 7 28 14 2 -16 53 24 352 14
1 10 12 10 25 -10 11 -2 -22 -27
5 22 4 -4 4 -14 7 18 54 11
1 1 1 10 1 5 -5 3 27 -1
47 75 162 93 40 30 -250 125 125 -175
11 44 70 6 14 -11 -82 61 39 -83
14 25 342 14 -39 -20 60 -11 -279 -159
3 6 27392 2 -77 6 0 0 0 -231
2 321 723 0 0 0 321 -77 107 -231
4 5 12 -3 9 3 3 0 4 -6
284 252 1294 235 281 374 726 -1221 -1319 -785
1 5 194 -5 -21 -6 -24 28 -19 18
260 1015 178 154 216 -401 542 -1365 -1546 -1629
7 27 33 0 -21 21 27 9 47 -29
3 3 58 -3 -3 1 -3 23 20 -18
5 25 20 22 20 -25 -35 7 6 20
4 4 3 5 14 7 16 2 -14 3
9 12 179 -36 -46 -19 -78 -35 48 2
1 2 37 1 -4 -2 -11 7 -1 -13
6 8 72 -4 20 25 59 -52 -26 -141
4 18 717 -2 62 -30 26 -11 104 17
1 125 963 19 95 24 -10 -39 -726 32
1 44 44 -1 -1 -21 -78 -21 -33 22
7 1 1 -7 -7 -19 -26 -19 42 26
1 24 24 1 1 -21 -103 -21 10 22
5 25 756 62 32 -80 86 122 1657 -26
1 7 15 11 30 11 53 25 -51 16
1 8 121 -5 -16 20 32 73 49 -2
4 9 19 -3 -1 -6 -13 6 12 -26
2 3 5 1 11 4 28 -15 -5 -5
2 29 109 7 -5 -14 77 18 4 49
17 54 29 -14 13 -30 59 93 72 -51
1 1 8 5 -1 1 -2 1 -18 0
25 92 61 8 -8 64 136 -65 4 -111
20 22 40 36 45 -33 -33 32 12 -18
1 675 626 0 -1 0 -450 51 176 -228
1 89 2162 -1 -1 -25 -208 355 2016 -126
4 1 14 -4 -2 9 -10 -15 33 13
1 3 9 3 -23 30 37 -13 23 65
1 1 2 0 0 -1 0 2 2 -3
107 145 65 -203 215 79 83 501 297 167
5 29 47 -48 -2 -27 -194 -39 186 -65
77 77 1089 -56 -362 -175 -362 0 0 362
1 117 45610 1 1 121 6850 -2413 -3090 -120
27 49 35778 0 18 0 49 -358 -225 -1086
121 68 800 121 0 -201 -197 1086 2191 -362
4 5 6 -6 -4 3 2 7 4 -13
14 12 27 -19 -19 20 44 -18 36 -20
8 17 27 0 -8 27 18 0 -27 -48
4 4 686 2 -18 -15 4 5 83 65
9 18 404 -69 60 -26 -186 -212 -636 37
16 136 450 -44 -76 165 524 -27 159 -165
1 3 1 1 2 0 1 4 14 -10
1 31 64 13 3 -21 -119 14 161 -12
19 74 240 87 73 -58 -187 28 -64 -209
31 128 11 14 -50 -176 57 -125 -376 -110
4 36 115 0 -8 9 24 -12 16 -72
2 2 1 3 2 -3 -9 0 11 -7
1 4 34 -3 -2 2 0 34 31 -11
1 1 19 1 83 2 147 18 105 37
25 38 43 22 97 -44 50 -28 -35 -159
1 1 2812 -2 -27 -1 -27 0 0 27
20 27 37 4 -18 18 0 0 0 -81
26 27 28 1 9 -9 0 0 0 -81
19 27 36 0 0 0 -36 36 16 -81
8 77 223 9 -6 18 -142 121 -89 100
7 9 2 -32 7 25 -6 -54 -1 -7
1 4 297 2 5 1 -8 -28 -50 -27
13 6 20 26 4 -26 4 9 54 -37
1 4 8 -4 3 -2 18 -3 9 -3
19 21 29 -5 7 -1 4 4 -7 -69
1 1 4240 4 6 -4 -10 972 4412 -7
7 12 61 2 2 16 4 12 -1 30
5 5 60 0 -13 4 -20 -25 53 28
13 3 16 13 21 20 50 -22 31 37
2 9 3 -2 2 -7 7 18 34 5
6 9 9 2 -6 8 -9 8 1 -29
31 12 31 -31 31 36 110 -92 73 -81
7 17 204 151 -43 7 291 -78 -1870 -141
2 18 639 -5 -12 4 37 75 143 -72
1 1 185085 -4 -134 1 -134 0 0 134
27 130 136 55 63 59 -131 109 9 -212
28 18 196 35 111 63 309 -122 -266 -47
1 2 29 0 0 2 -2 7 14 -9
1 8 13 34 2 28 -44 5 187 -9
4 8 36 12 -16 1 0 25 -13 32
4 9 3720 -8 -54 22 157 51 58 -112
1 108 3456 0 0 0 -18 12 1 -216
20 27 670 0 30 0 18 -33 -104 -216
7 2 19 -14 -12 20 24 -13 9 -7
1 4 9 3 12 -2 8 1 -18 -10
1 3 25 11 10 4 -16 0 -2 17
1 3 13 1 -4 7 12 -1 8 0
56 36 1597 33 -40 108 366 -748 -617 -219
132 189 280 70 -188 301 88 -15 -150 -545
9 10 3 0 51 0 60 -14 -3 -63
13 75 22 -112 -157 -20 35 -422 -513 -118
60 206 355 -162 -187 93 233 386 479 -239
3 32 241 -7 -7 0 32 44 87 -58
7 25 69 3 -11 -10 -25 25 28 -7
9 19 41 -41 -26 10 -49 -20 5 14
1 22 35 3 9 10 7 3 -43 -28
1 13 36 13 25 -13 -5 3 -30 -26
2 15 43 -2 2 -11 15 44 112 -3
1 24 35 -1 1 -13 -12 37 140 -9
28 85 84 64 -12 66 -6 87 58 -276
129 38 377 132 -181 -555 -780 -295 -576 -143
2 16 16 -2 -2 -21 54 -21 -81 23
2 20 20 2 2 -21 -30 -21 -51 23
1 8 31 -46 36 -12 20 -87 -275 42
15 27 1 -61 0 54 27 92 29 58
5 13 41 -27 -23 48 40 51 30 2
1 4 225 -3 -1 10 6 207 381 -23
69 136 144 20 95 98 -77 276 -352 -85
6 9 4 -3 -10 1 16 17 2 -7
49 49 50 -35 98 -62 -96 273 276 -7
6 9 1 28 33 58 14 78 19 61
4 7 16 -9 2 7 16 3 -18 12
3 10 5 -7 -9 2 13 14 16 0
1 4 103 4 18 2 -6 21 141 -1
1 25 104 -16 -6 30 -120 -79 46 -58
1 23 27 8 10 -5 -17 0 -27 -16
3 4 94 2 -6 11 38 -36 -23 -12
14 18 72 -10 0 5 76 -121 -135 -31
125 3 173 93 -45 311 456 -221 57 170
1 6 8 0 0 4 -1 11 2 0
1 1 14 1 -2 2 16 4 12 -1
4 9 14 0 -6 0 -12 3 133 0
5 6 4 11 -6 6 -5 24 8 -28
1 5 9 1 7 1 -2 3 3 2
1 3 27 1 -1 -1 1 7 -6 -2
5 14 22 -5 12 15 20 -12 25 -20
1 2 161 5 -1 4 9 75 27 -22
4 9 100 5 3 18 85 -66 32 9
315 409 828 909 17 199 -1576 339 1354 -1559
2 109 260 11 -4 -48 234 29 -175 77
17 13 1088 20 -22 43 199 -425 -48 15
10 6 16 20 -1 -11 -21 66 116 -2
1 56 57 -10 -5 29 70 59 92 25
8 2 9 17 2 5 16 -4 14 -8
12 44 112 66 101 -33 -41 72 -152 -46
68 161 201 -17 161 -46 8 122 -233 -394
1 7 64 -4 -8 13 14 120 57 -3
6 8 14 7 0 16 -4 33 49 -39
8 22 65 13 4 -44 2 62 226 -33
1 23 55 0 1 -35 11 -10 4 50
24 24 648 -145 -217 73 -217 0 0 217
1 36 38 45 28 -24 -114 -18 69 -25
91 133 144 20 290 145 -25 163 26 -82
19 7 202 18 -23 47 123 -118 -107 -4
17 39 37 32 -2 8 -79 35 37 -66
1 1 238 -3 -5 -2 -64 224 -67 10
16 25 71 0 0 25 40 -29 -49 -85
19 17 70 -8 -8 65 34 -15 67 -122
1 1 8704 3 -45 -16 -195 0 0 45
1 448 343 0 0 -100 848 245 2996 35
42 74 124 -17 47 -92 62 276 438 29
1 11 145 -2 -5 3 27 1 41 -29
27 44 121 -36 -18 16 18 4 13 16
4 135 281 -6 6 3 -29 3 -58 -6
4 4 31 -6 6 3 -6 3 56 -6
4 8 3 18 4 -1 5 16 20 -20
16 4 49 -39 -31 -12 -32 -25 45 8
6 13 132 3 27 1 41 -79 -79 -66
2 4 8 4 11 33 -18 0 27 -40
1 9 52 3 2 -12 6 9 80 -18
3 1 4 17 1 0 5 8 40 4
2 4 13 -1 -2 -2 9 20 6 38
2 27 29 2 -21 54 -9 66 15 -69
4 5 43 -13 0 32 11 32 85 -9
1 10 16 0 0 -5 -9 6 20 -14
1 1 21 -1 0 2 -9 12 15 4
1 5 30 -1 -1 11 52 -15 34 -1
1 1 21 -1 1 7 -12 7 -11 -3
22 45 247 -5 -14 -23 -14 -16 144 -189
1 23 28 2 0 1 -74 31 -41 -9
3 13 20 10 -1 -17 18 -6 13 31
3 21 50 20 12 -28 10 -213 68 24
4 19 1 10 229 6 415 -26 -21 -29
5 40 7 -5 5 -14 53 33 73 28
5 16 13 -5 0 -14 13 47 83 0
15 5 18 51 37 22 -31 -3 0 49
2 48 166 -19 -13 48 36 209 153 -43
8 3 14 11 -7 19 22 -14 -8 3
7 3 7 4 -11 17 4 -1 -29 -9
8 12 35 20 8 9 -39 13 15 -32
1 143 7 0 1 -52 -85 -69 -572 0
1 9 31 -1 -2 11 58 23 26 0
7 8 6 18 -2 29 -6 41 -15 -1
16 1 17 4 -28 26 22 -2 -2 -7
2 34 9 7 4 -17 65 -8 132 -19
17 20 28 27 -24 53 47 0 32 19
2 2 1 4 -2 -3 -4 2 8 -4
3 25 76 10 18 0 0 -27 -57 -45
1 33 39 -6 -7 -11 12 -14 -100 5
5 5 634 -74 -197 86 -80 -509 -90 114
9 8 8 -3 -3 -15 -21 -15 2 16
13 40 957 2 -1 169 217 -135 -302 139
1 4 300 -4 -34 1 23 -276 -284 12
1 11 21 1 2 -5 7 -3 9 -12
1 4 22 18 15 5 -15 9 12 12
1 12 403 6 28 0 -10 -17 -210 -21
22 44 67 6 53 -27 -18 41 -46 -110
4 11 68 2 -7 14 57 28 8 16
17 28 13 -17 68 -32 -60 -94 -106 54
1 11 12 -2 -2 -1 8 37 78 12
251 324 223 57 1202 -72 808 589 -923 -1188
9 13 71 12 -44 32 16 20 -3 -49
1 389 800 0 0 -66 234 6 801 -196
16 75 32 12 -12 -93 157 107 361 -14
5 23 85 -15 -19 32 39 41 15 -55
78 162 223 -149 -216 180 -45 433 380 -673
5 8 225 7 -33 37 87 -12 36 25
13 175 63 15 82 35 470 -91 -191 -179
7 13 39 1 -20 4 -18 74 44 10
1 8 12 0 1 5 -4 13 -5 -4
9 62 68 36 29 -55 60 -20 -33 -39
5 35 20 51 73 9 56 120 20 -16
49 111 390 59 -21 -31 -62 423 -424 215
1 2 3 1 1 0 -1 -1 -1 -4
5 176 195 24 27 -48 -60 -32 -55 -168
1 1 4 0 0 2 1 2 3 -4
7 9 97 14 5 0 0 51 97 -75
5 17 29 3 18 6 23 -2 -56 -34
27 12 59 -18 -27 46 84 -54 69 -9
27 26 64 27 0 9 -15 -28 -4 -105
3 1 53 8 -1 2 -11 37 78 -8
16 49 122 3 87 -112 66 50 31 -91
1 16 18 0 -1 0 -4 2 7 -20
3 2 20 3 0 6 15 -20 -4 0
2 7 16 6 7 1 -12 4 -8 -8
5 3 6 7 0 -7 -5 5 15 -14
4 8 41 -6 0 -1 -3 32 21 -28
5 2 27 22 22 -1 -14 18 18 8
1 24 28 24 26 -24 -27 22 -24 -7
9 15 29 12 -6 -34 10 142 411 -22
13 5 58 13 81 26 174 -77 123 88
9 58 233 6 3 -2 -95 53 33 -146
3 14 37 1 -2 -7 -16 7 27 -12
4 132 2178 -10 -26 -107 -413 -231 -1093 -9
2 14 27 1 6 11 67 -28 -19 -18
11 79 400 30 53 -39 5 -123 -8 -238
2 16 449 17 71 11 -72 -6 -192 -7
3 4 19 -3 -7 3 8 12 5 -12
8 8 135 -29 -46 5 -46 0 0 46
1 9 11 2 5 8 67 -10 -8 -3
3 7 26 0 3 0 -10 1 11 0
3 4 68 21 12 -3 -47 28 124 8
5 8 67 32 13 -31 -50 43 228 4
1 5 10 15 7 -10 -19 7 14 6
74 29 48 -221 -73 -63 -175 -68 244 148
1 8 157 -2 -8 20 88 -12 33 -10
8 5 127 -12 12 6 27 15 -34 -66
2 5 15 1 5 -1 8 -10 -5 -18
4 6 5 -2 -4 -3 -2 8 11 -14
5 248 875 98 65 -158 -821 46 782 -184
1 7 7 -6 -3 8 11 11 12 2
9 9 16 12 3 7 -15 4 -4 -28
20 19 27 1 -12 -20 -48 102 132 -68
27 36 60 12 18 -16 53 -74 33 -129
1 3 7 0 1 1 -4 -3 -1 9
7 139 334 -46 -65 -21 -132 -123 -369 8
4 4 10 -1 -11 -11 -11 0 0 11
2 7 9 -3 -5 7 4 6 3 -14
1 13 20 -5 -20 21 16 43 32 7
6 14 1420 11 -75 -68 -211 16 -954 -251
4 17 578 77 -52 -70 -240 51 -595 -73
1 1 8 -1 2 -2 6 5 -3 4
1 4 13 2 15 1 24 -18 -24 -9
5 13 30 -13 -2 0 12 88 80 -1
1 6 8 1 -1 5 5 0 12 6
2 2 22 21 5 -13 3 6 88 -9
1 1 6 -1 1 10 8 8 -31 -10
1 9 14 -1 1 -6 -4 13 31 -7
1 2 129 0 -1 0 2 -6 7 -19
7 8 65 -15 -4 2 0 203 120 -17
4 4 13 9 8 -4 -24 14 21 -14
2 16 85 25 35 14 -35 -17 -34 0
1 7 8 -1 0 -1 0 8 15 5
1 4 28 0 9 -1 10 -18 -37 -17
1 45 44 0 0 4 69 -18 21 -34
8 8 144 -29 -47 5 -47 0 0 47
1 243 385 0 -1 0 -324 63 191 -141
27 31 28 18 18 -43 90 98 190 55
27 57 43 -36 36 -31 -71 110 83 -79
25 37 103 52 53 7 -101 62 5 -57
1 10 29 5 7 -4 5 -13 -19 22
3 21 22 -3 3 1 24 1 13 -2
1 1 6 -1 0 5 -5 9 -1 2
1 5 6 1 0 2 2 9 -3 -6
1 28 112 48 55 30 -79 -24 -60 57
1 8 8 -1 -1 -11 -43 -11 30 12
7 8 8 -7 -7 -9 -16 -9 1 16
24 24 648 -143 -215 71 -215 0 0 215
16 38 9 23 -2 -54 -50 27 77 -41
9 4 29 -9 -13 34 54 -18 41 9
2 5 59 15 6 14 77 -2 -5 -27
25 32 228 -19 28 -35 37 94 139 -120
1 39 121 0 0 24 198 -44 0 -26
15 50 35352 32 161 15 -350 -1056 -2679 -719
8 16 11 -9 1 -14 12 21 32 -9
1 21 3 0 4 15 -56 28 10 -16
1 12 36 28 26 -14 -29 1 3 -15
2 2 93 3 -13 12 26 0 0 0
3 2 30 0 0 13 45 -26 12 0
4 2 21 3 -13 24 26 0 0 0
3 6 34 0 0 13 51 -26 36 0
1 21 31 13 -9 3 -3 29 15 -1
3 31 70 6 8 3 24 -37 -30 -52
1 1 103 -1 0 1 9 -12 -8 -14
3 16 59 -35 -17 -4 -64 23 -12 30
25 25 112 30 -10 9 -50 1 25 -131
7 8 87 0 0 -6 -12 34 42 -47
1 40 7759 1 -12 41 984 -539 353 -33
9 285 53 -102 -42 68 -64 -353 -283 -47
4 25 131 15 40 -15 0 -27 -69 -74
2 7 9 10 10 -3 -11 8 -4 0
4 8 7 9 5 -20 8 -21 23 22
3 3 6 -3 3 1 3 1 8 -2
1 8 7 21 4 21 0 -13 42 5
1 18 9 -9 -11 24 25 48 36 24
4 3 92 14 2 -5 -10 9 96 -26
19 2 255 19 -19 39 107 -108 68 69
19 19 187 19 0 39 89 -147 -107 -49
10 19 49 5 14 2 10 -18 -31 -61
1 1 11 3 -2 1 1 -2 26 -3
3 28 57 2 -4 -25 11 30 151 -42
2 20 9 11 49 4 83 40 -13 10
1 1 112 1 -1 9 20 -13 -18 14
3 23 2231 1 20 7 182 -391 -292 -150
3 8 17 -5 -1 -3 12 11 25 -12
4 13 98 6 6 3 -31 13 -17 -44
4 25 42 0 6 0 15 -7 -22 -50
2 8 9 4 6 -1 12 -12 0 -10
1 3 81 1 4 2 5 -14 -35 -8
3 13 13 -3 -3 -11 -18 -11 -10 14
3 3 13 -13 -12 4 -12 0 0 12
8 14 28 -13 3 -4 11 20 20 -32
1 3 3 3 -1 28 -12 23 -58 -34
5 4 71 -18 -5 16 -4 -80 7 -55
1 19 29 1 -1 5 -1 -2 -9 -24
1 3 106 -1 0 -2 -3 42 62 -14
2 2 50 -3 -5 6 16 -4 -5 -16
11 17 25 21 23 36 29 -2 27 103
5 5 146 4 -4 17 72 -73 41 12
1 1 29 2 4 1 -3 -8 13 1
1 4 11 2 2 -4 2 9 7 -5
1 5 11 -3 -3 -4 -7 -8 -4 -12
20 54 68 -11 15 27 33 58 12 59
4 10 8 6 -6 3 -9 3 -74 -6
1 3 29 -3 -4 7 7 16 -4 -16
12 11 29 8 52 -11 -47 -4 -23 -46
9 19 74 5 7 10 1 2 -44 -67
24 30 53 48 28 27 -45 -2 -30 -62
3 3 46 -17 19 22 44 26 -118 69
1 4 5 4 4 -4 -3 -1 0 -8
1 1 3 1 1 -1 0 -1 1 -4
8 8 8 -8 -8 -17 27 -17 -34 25
1 2 8 2 2 2 3 -7 -10 -4
37 148 144 189 174 -10 -216 150 -45 65
3 3 34 0 0 14 51 -28 18 0
3 20 25 0 0 -14 -9 14 42 -28
1 2 813 0 -14 3 14 0 0 -28
3 14 43 0 0 -14 9 14 60 -28
1 1 401 0 -3 2 18 -51 -15 -17
1 4 41 0 12 0 2 -7 15 8
1 1 19 2 9 -3 -6 -9 20 -16
29 44 65 31 -32 51 -27 1 -23 -134
2 61 91 6 4 -6 -59 0 0 -63
7 7 110 0 0 13 54 -76 -6 -31
7 26 47 0 0 -26 0 26 78 -47
14 32 7 0 0 -19 -57 38 57 -45
5 34 4 -3 5 -10 9 42 12 -7
1 1 16184 -1 0 0 17 222 170 -73
8 14 45 14 44 7 24 -30 -72 -27
9 36 77 5 9 18 12 -7 -77 -81
4 3 14 8 7 -10 -2 15 28 1
2 169 256 -4 -15 102 274 -24 -54 -101
2 61 126 10 15 -11 -37 -18 21 12
5 27 272 -3 -19 34 31 37 126 -74
4 12 11 1 -2 10 24 -12 6 -14
1 1 40 1 -1 12 56 -18 11 6
4 8 8 2 -2 -13 19 17 46 -4
28 1 107 -70 30 64 267 146 -54 201
1 26 198 -12 -38 -40 -110 51 195 71
1 4 12 2 -1 -4 -2 1 -1 4
2 9 18 8 9 6 -6 -3 -17 1
1 1 448 -1 1 0 9 -32 -24 -21
4 13 33 4 14 2 11 -29 -6 -11
4 5 26 -15 8 -18 0 -17 30 8
9 27 1153 -12 -39 -5 -45 555 680 -187
4 2 13 -7 -13 14 12 7 6 0
32 25 7 96 -16 78 -17 5 -6 -12
23 19 152 -25 27 -74 76 162 58 27
24 27 9 37 96 41 161 -74 -161 50
1 1 5 -1 1 1 2 1 -4 -6
1 12 94 2 1 -6 -8 20 34 -25
1 193 296 -5 -6 -41 730 -74 847 -104
135 139 40 0 -405 -314 208 91 -209 -314
135 135 134 -135 -270 -269 -133 -134 -269 -134
135 5 5 270 270 -134 14 -134 -297 674
3 31 50 17 14 -29 -46 8 8 -45
4 13 190 22 27 -43 -60 34 341 -53
7 20 54 -38 10 -5 19 -8 -47 -13
1 45 359 29 24 14 -235 15 195 1
8 1 27 0 -3 16 32 -24 27 11
1 1 155 -1 -21 8 11 94 23 1
1 2 18963 0 -40 3 40 0 0 -80
5 2 387 3 -40 30 80 0 0 0
4 17 387 15 40 -18 -40 0 0 -80
6 13 387 15 40 -12 -40 0 0 -80
1 6 8 4 10 16 1 10 -1 -11
2 3 81 9 30 -18 83 -4 -51 13
1 9 72 5 2 -14 -1 12 132 -22
31 59 65 3 52 -21 109 -89 10 -187
1 1 67 3 -16 14 7 97 -3 -5
9 8 5 -18 22 30 41 -50 -38 -44
6 3 3 6 6 -11 -15 -11 -5 17
6 6 6 -6 -6 -11 -22 -11 15 17
2 9 9 0 0 -13 -37 -13 10 13
1 1 5 -1 -2 0 2 1 4 -4
10 16 22 9 27 8 12 3 -43 -25
4 2 11 -6 -4 9 17 -9 10 -7
2 11 11 1 -2 4 5 16 -14 -14
4 3 23 0 6 0 13 3 -12 0
133 42 25 -112 59 -53 -205 -292 262 159
1 1 2 -1 0 1 3 -2 1 -3
6 50 7 64 -3 -68 294 50 588 -21
16 32 331 -60 -80 -63 -191 -68 46 -14
354 68 41 733 -89 436 -114 -110 -109 -139
1 12 18 0 0 0 -6 3 1 -18
4 6 3 -6 0 -3 -1 12 11 -6
3 2 5 -3 3 10 27 -8 18 -2
4 1 452 6 -33 101 335 -18 -206 -43
65 67 90 66 -12 56 4 -72 3 -180
14 75 182 -7 38 45 320 -95 -262 26
15 28 16 3 -16 4 -48 42 45 -76
7 10 10 -7 -7 -11 1 -11 -20 18
1 23 23 -1 -1 -13 -22 -13 -34 14
1 1 8 1 -1 -1 -3 4 10 -7
6 19 25 22 29 16 -5 20 -25 15
7 8 2016 8 2 2 -58 38 41 -137
3 116 144 2 10 48 504 -111 129 -68
5 18 108 6 6 5 11 -40 -34 -58
2 9 11 2 3 -4 -10 -8 -9 -2
1 4 9 2 1 0 -6 0 0 -9
11 1 24 44 13 3 -2 2 52 -21
2 11 12 -11 -4 29 2 31 0 -36
1 7 28 0 1 -7 6 20 64 -4
11 16 144 74 49 -2 -114 52 165 7
9 12 3 1 -25 12 -8 27 22 -36
3 3 4 1 -5 0 0 -8 19 -1
17 23 221 -3 -8 -2 -8 66 -53 28
57 21 50 -24 88 73 132 1 -152 -160
39 46 386 22 83 -61 -65 117 97 -219
3 3 8 2 2 0 -2 -12 -11 -6
6 1 1193 -13 -37 13 51 98 24 -57
23 26 75 22 -19 8 -40 17 112 -109
1 3 17 1 1 4 -11 12 -2 -2
1 5 706 -2 -22 5 1 242 164 -45
4 5 8 6 5 3 -8 4 -4 -10
3 2 6 3 -3 1 9 1 -9 -2
1 106 2662 -1 -1 34 609 -192 -768 -173
1 5 39 1 -5 11 -12 -4 103 19
1 3 594 1 5 -1 -10 0 0 -35
68 152 589 211 257 39 -162 -322 -286 -417
1 13 68 25 37 10 -23 28 -16 30
19 19 234 -68 -52 11 -98 -161 41 -27
4 2 7 0 -6 -11 20 -8 -26 11
1 2 4 -3 -10 -10 -6 -6 -20 -21
2 27 7 7 -7 -4 59 18 78 16
25 13 28 -15 10 53 89 -34 -41 -68
26 17 17 34 -17 -18 -38 28 65 -81
5 27 187 0 5 0 -18 21 -25 -87
2 41 187 -2 -2 20 188 -67 91 -47
1 5 16 1 -1 4 13 -25 12 17
208 115 735 1060 320 -455 921 875 4347 735
1 6 6 0 0 -14 -59 -14 41 14
3 4 4 3 3 -13 8 -13 -33 16
3 2 2 -3 -3 -13 33 -13 -26 16
199 423 747 81 -850 1317 925 625 625 75
1 38 51 4 4 -8 -37 1 -4 -33
11 52 64 72 19 46 -151 0 72 -63
3 42 85 2 0 -34 1 43 208 -42
5 118 12823 48 84 -39 -1517 551 4363 -335
2 2 11 -1 -1 6 -3 4 5 -8
5 36 163 20 13 8 -80 -23 -15 -78
1 5 2 -1 5 8 7 12 8 12
31 61 73 -50 -34 37 142 -41 92 -105
1 6 751 8 -33 23 14 836 238 -17
29 20 64 26 63 38 88 -99 -117 -31
16 9 61 -88 40 -5 66 49 -87 10
1 62 62 1 1 -33 -141 -33 -78 34
1 83 83 -1 -1 -33 -62 -33 -154 34
23 35 230 73 -41 -197 -392 -131 -529 -12
37 126 61 -68 47 -50 -113 164 144 -129
4 28 36 9 27 -14 50 -3 89 -71
20 1 27 -14 -14 31 41 33 -59 -11
6 3 23 -8 -23 21 17 17 9 2
4 9 128 -5 -33 19 10 88 26 -49
1 35 2 0 9 -7 -45 -20 60 29
1 6 15 6 2 -6 -1 -4 -4 10
1 11 52 11 18 -7 -17 -3 -19 -20
27 34 34 0 0 -62 -19 -62 -83 62
12 12 139 -35 -26 -1 -63 -88 27 -8
5 24 52 16 2 -32 -77 46 217 -41
23 23 7560 17 -361 -86 -361 0 0 361
4 4 17 9 -1 -4 -16 7 -11 -30
155 88 297 -422 -180 416 221 -186 19 -375
1 39 89 0 0 26 182 -34 -29 -26
43 76 155 36 6 -78 5 -25 144 -262
2 1 131 8 43 40 45 33 -30 -85
3 16 92 -16 -33 48 51 104 70 21
22 79 50 -12 31 -62 113 247 473 94
84 195 325 -202 46 -66 26 342 53 607
26 44 101 -41 28 -26 50 270 237 3
5 5 9 -10 18 3 6 0 -10 -8
8 11 11 -12 8 -4 1 15 4 -24
4 16 51 -7 8 10 48 10 53 -47
6 32 55 59 -46 -105 -29 -20 -9 -130
7 4 170 6 -17 20 61 33 -4 60
4 4 53 27 8 16 -32 18 96 -12
2 20 35 5 4 -18 -19 7 40 -29
4 5 5 4 4 -17 -43 -17 11 21
2 11 139 5 6 -8 -23 1 48 -43
4 2 26 -60 -14 17 39 11 9 37
1 1 60 2 -6 5 11 1 2 0
5 177 186 -47 9 -95 -74 -81 -116 -163
13 62 99 28 -65 -23 132 -254 -150 -73
12 1 1 46 7 13 8 20 70 25
3 3 7 5 -2 1 2 -3 2 0
1 2 2 1 0 1 1 -2 -1 -4
1 3 2 -3 0 9 -4 13 -2 1
10 40 43 27 18 2 -44 -6 -18 -61
1 15 27 18 26 15 -7 0 -27 19
5 25 9 7 19 -5 30 -12 -18 -39
16 51 118 12 4 31 138 -121 62 -83
16 3 39 22 7 -18 5 33 83 -24
4 25 53 3 9 -8 26 -27 13 -55
44 32 87 -11 -73 111 75 7 -51 -142
13 23 88 16 2 13 82 199 -145 84
9 10 21 8 15 0 12 -14 -8 -9
5 13 20 1 21 0 20 -9 -3 -17
2 4 2 -4 -4 2 -5 31 20 -9
1 4 8 -1 -4 4 3 4 4 -8
1 1 4 4 -5 9 3 8 0 -2
123 225 968 -367 -384 285 90 2229 1030 -597
1 1 7 13 -1 10 -2 -11 -21 27
1 36 67 24 10 -12 99 -14 -30 -10
4 7 45 0 -12 9 9 0 0 -28
5 1 18 0 0 17 36 -15 -27 -14
5 5 36 0 0 9 18 -15 -27 -26
3 7 1 3 -1 -4 0 23 16 16
27 28 27 -27 -54 -55 -27 -28 -56 -28
67 4 8 110 -95 49 -21 3 20 -112
2 5 13 11 3 -7 -29 10 53 -4
2 3 19 1 2 7 1 38 -19 -3
161 1 8550 106 -1277 19 2 -6185 -1115 -171
7 25 65 39 38 3 -61 23 -6 -5
1 54 558 0 1 0 -36 21 -23 -93
80 65 596 188 64 -202 -268 483 1550 -263
16 61 42881 -12 0 3 287 -149 41 -1043
1 2 1 2 -10 -1 -10 -5 -10 18
1 37 91 -1 1 12 165 -48 57 -27
42 80 107 107 40 -98 -182 56 183 -169
2 7 25 -5 -10 12 10 20 10 -16
1 1 68 1 -6 3 12 45 0 -3
4 31 129 -16 -17 -51 79 150 -122 -63
4 10 13 0 2 15 14 51 56 -23
2 3 22 1 -5 3 0 0 0 -15
1 3 17 5 5 1 -10 0 0 -5
1 5 6 0 0 -5 -4 10 26 -5
1 6 21 0 0 0 6 -5 2 -15
1 11 37 7 -16 45 18 59 9 -13
6 4 4 6 6 -13 -6 -13 -19 19
2 11 11 0 0 -15 -46 -15 13 15
6 7 7 -6 -6 -13 -27 -13 19 19
1 17 20 3 3 -3 -12 -1 -6 -17
2 4 181 7 17 -4 -24 17 12 -20
3 2 2 -2 8 1 12 -8 3 -14
1 1 4 6 2 3 -5 0 6 -3
19 24 156 21 -53 39 29 -41 9 -84
3 32 81 24 19 -12 -74 0 18 -41
3 4 30 -10 0 14 2 44 -11 -8
1 1 475 4 -26 -7 -26 0 0 26
2 18 15 -9 -14 15 21 36 38 1
2 33 30 1 2 -1 -28 9 -3 -36
1 1 170 1 -2 0 -3 -6 39 3
9 12 51 -2 -4 -3 -19 69 60 -33
3 11 12 -5 -64 -17 -120 37 -58 -29
17 396 6304 141 154 -337 -1647 428 4460 -759
1 11 16 -1 2 5 29 -8 -16 -18
41 158 375 59 -1 -63 116 467 583 -621
4 20 175 -4 -32 -89 -176 -5 -171 -69
4 19 111 4 -28 -89 -159 -25 -281 -109
9 1 2 6 -28 21 -52 -31 14 -44
3 12 4 -6 9 -26 11 -80 32 8
33 58 807 112 -109 30 229 945 -163 -65
91 32 115 -218 87 352 -38 206 -247 553
5 12 27 3 7 3 -11 9 -18 -31
6 31 75 48 -43 4 93 -10 45 -3
38 14 29 16 106 76 267 -90 97 53
3 1 35 7 5 -3 -15 29 70 -5
2 209 680 2 -44 -239 -408 83 -1162 -269
26 170 170 26 26 -231 -704 -231 -37 257
2 876 231 2 20 -239 -2997 -173 154 253
1 70 179 -1 -1 43 418 -53 230 -10
1 5 1123 -1 0 11 187 -192 -1 -32
1 25 720 57 -231 80 -75 -517 -297 -211
13 139 251 -150 -95 201 637 366 857 1427
1 1 58 0 2 -1 0 12 44 -9
5 32 99 0 0 12 80 -54 12 -63
